1523100963,s3,0.00,0.00,0.00,0,0,0.00,0.00,0.00,0,0,0.00,0.00,0,0
1523100963,s1-eth1,0.00,0.00,0.00,0,0,0.00,0.00,0.00,0,0,0.00,0.00,0,0
1523100963,s1-eth3,0.00,0.00,0.00,0,0,0.00,0.00,0.00,0,0,0.00,0.00,0,0
1523100963,s1-eth2,0.00,0.00,0.00,0,0,0.00,0.00,0.00,0,0,0.00,0.00,0,0
1523100963,s4,0.00,0.00,0.00,0,0,0.00,0.00,0.00,0,0,0.00,0.00,0,0
1523100963,s2-eth1,0.00,0.00,0.00,0,0,0.00,0.00,0.00,0,0,0.00,0.00,0,0
1523100963,s2-eth3,0.00,0.00,0.00,0,0,0.00,0.00,0.00,0,0,0.00,0.00,0,0
1523100963,s2-eth2,0.00,0.00,0.00,0,0,0.00,0.00,0.00,0,0,0.00,0.00,0,0
1523100963,s3-eth1,0.00,0.00,0.00,0,0,0.00,0.00,0.00,0,0,0.00,0.00,0,0
1523100963,s3-eth3,0.00,0.00,0.00,0,0,0.00,0.00,0.00,0,0,0.00,0.00,0,0
1523100963,s3-eth2,0.00,0.00,0.00,0,0,0.00,0.00,0.00,0,0,0.00,0.00,0,0
1523100963,eth0,0.00,0.00,0.00,0,0,0.00,0.00,0.00,0,0,0.00,0.00,0,0
1523100963,eth1,0.00,0.00,0.00,0,0,0.00,0.00,0.00,0,0,0.00,0.00,0,0
1523100963,lo,0.00,0.00,0.00,0,0,0.00,0.00,0.00,0,0,0.00,0.00,0,0
1523100963,s1,0.00,0.00,0.00,0,0,0.00,0.00,0.00,0,0,0.00,0.00,0,0
1523100963,s4-eth1,0.00,0.00,0.00,0,0,0.00,0.00,0.00,0,0,0.00,0.00,0,0
1523100963,s4-eth2,0.00,0.00,0.00,0,0,0.00,0.00,0.00,0,0,0.00,0.00,0,0
1523100963,s2,0.00,0.00,0.00,0,0,0.00,0.00,0.00,0,0,0.00,0.00,0,0
1523100963,total,0.00,0.00,0.00,0,0,0.00,0.00,0.00,0,0,0.00,0.00,0,0
1523100964,s3,0.00,0.00,0.00,0,0,0.00,0.00,0.00,0,0,0.00,0.00,0,0
1523100964,s1-eth1,1223396.00,27258.00,1250654.00,27258,1223396,414.00,413.00,827.00,413,414,0.00,0.00,0,0
1523100964,s1-eth3,19998.00,944878.00,964876.00,944878,19998,303.00,319.00,622.00,319,303,0.00,0.00,0,0
1523100964,s1-eth2,7260.00,340630.00,347890.00,340630,7260,110.00,115.00,225.00,115,110,0.00,0.00,0,0
1523100964,s4,0.00,0.00,0.00,0,0,0.00,0.00,0.00,0,0,0.00,0.00,0,0
1523100964,s2-eth1,944878.00,19998.00,964876.00,19998,944878,319.00,303.00,622.00,303,319,0.00,0.00,0,0
1523100964,s2-eth3,13134.00,616096.00,629230.00,616096,13134,199.00,208.00,407.00,208,199,0.00,0.00,0,0
1523100964,s2-eth2,6864.00,325820.00,332684.00,325820,6864,104.00,110.00,214.00,110,104,0.00,0.00,0,0
1523100964,s3-eth1,616096.00,13134.00,629230.00,13134,616096,208.00,199.00,407.00,199,208,0.00,0.00,0,0
1523100964,s3-eth3,6204.00,290276.00,296480.00,290276,6204,94.00,98.00,192.00,98,94,0.00,0.00,0,0
1523100964,s3-eth2,6930.00,325820.00,332750.00,325820,6930,105.00,110.00,215.00,110,105,0.00,0.00,0,0
1523100964,eth0,134.00,66.00,200.00,66,134,1.00,1.00,2.00,1,1,0.00,0.00,0,0
1523100964,eth1,0.00,0.00,0.00,0,0,0.00,0.00,0.00,0,0,0.00,0.00,0,0
1523100964,lo,0.00,0.00,0.00,0,0,0.00,0.00,0.00,0,0,0.00,0.00,0,0
1523100964,s1,0.00,0.00,0.00,0,0,0.00,0.00,0.00,0,0,0.00,0.00,0,0
1523100964,s4-eth1,290276.00,6204.00,296480.00,6204,290276,98.00,94.00,192.00,94,98,0.00,0.00,0,0
1523100964,s4-eth2,6204.00,290276.00,296480.00,290276,6204,94.00,98.00,192.00,98,94,0.00,0.00,0,0
1523100964,s2,0.00,0.00,0.00,0,0,0.00,0.00,0.00,0,0,0.00,0.00,0,0
1523100964,total,3141374.00,3200456.00,6341830.00,3200456,3141374,2049.00,2068.00,4117.00,2068,2049,0.00,0.00,0,0
1523100965,s3,0.00,0.00,0.00,0,0,0.00,0.00,0.00,0,0,0.00,0.00,0,0
1523100965,s1-eth1,1220344.00,27126.00,1247470.00,27126,1220344,412.00,411.00,823.00,411,412,0.00,0.00,0,0
1523100965,s1-eth3,19602.00,918220.00,937822.00,918220,19602,297.00,310.00,607.00,310,297,0.00,0.00,0,0
1523100965,s1-eth2,7590.00,355440.00,363030.00,355440,7590,115.00,120.00,235.00,120,115,0.00,0.00,0,0
1523100965,s4,0.00,0.00,0.00,0,0,0.00,0.00,0.00,0,0,0.00,0.00,0,0
1523100965,s2-eth1,918220.00,19602.00,937822.00,19602,918220,310.00,297.00,607.00,297,310,0.00,0.00,0,0
1523100965,s2-eth3,12936.00,601286.00,614222.00,601286,12936,196.00,203.00,399.00,203,196,0.00,0.00,0,0
1523100965,s2-eth2,6666.00,313972.00,320638.00,313972,6666,101.00,106.00,207.00,106,101,0.00,0.00,0,0
1523100965,s3-eth1,601286.00,12936.00,614222.00,12936,601286,203.00,196.00,399.00,196,203,0.00,0.00,0,0
1523100965,s3-eth3,6402.00,299162.00,305564.00,299162,6402,97.00,101.00,198.00,101,97,0.00,0.00,0,0
1523100965,s3-eth2,6468.00,302124.00,308592.00,302124,6468,98.00,102.00,200.00,102,98,0.00,0.00,0,0
1523100965,eth0,134.00,66.00,200.00,66,134,1.00,1.00,2.00,1,1,0.00,0.00,0,0
1523100965,eth1,0.00,0.00,0.00,0,0,0.00,0.00,0.00,0,0,0.00,0.00,0,0
1523100965,lo,0.00,0.00,0.00,0,0,0.00,0.00,0.00,0,0,0.00,0.00,0,0
1523100965,s1,0.00,0.00,0.00,0,0,0.00,0.00,0.00,0,0,0.00,0.00,0,0
1523100965,s4-eth1,299162.00,6402.00,305564.00,6402,299162,101.00,97.00,198.00,97,101,0.00,0.00,0,0
1523100965,s4-eth2,6402.00,299162.00,305564.00,299162,6402,97.00,101.00,198.00,101,97,0.00,0.00,0,0
1523100965,s2,0.00,0.00,0.00,0,0,0.00,0.00,0.00,0,0,0.00,0.00,0,0
1523100965,total,3105212.00,3155498.00,6260710.00,3155498,3105212,2028.00,2045.00,4073.00,2045,2028,0.00,0.00,0,0
1523100966,s3,0.00,280.00,280.00,280,0,0.00,4.00,4.00,4,0,0.00,0.00,0,0
1523100966,s1-eth1,1223306.00,27394.00,1250700.00,27394,1223306,413.00,415.00,828.00,415,413,0.00,0.00,0,0
1523100966,s1-eth3,20138.00,933170.00,953308.00,933170,20138,305.00,317.00,622.00,317,305,0.00,0.00,0,0
1523100966,s1-eth2,7470.00,340700.00,348170.00,340700,7470,113.00,116.00,229.00,116,113,0.00,0.00,0,0
1523100966,s4,0.00,280.00,280.00,280,0,0.00,4.00,4.00,4,0,0.00,0.00,0,0
1523100966,s2-eth1,933170.00,20138.00,953308.00,20138,933170,317.00,305.00,622.00,305,317,0.00,0.00,0,0
1523100966,s2-eth3,13476.00,619128.00,632604.00,619128,13476,204.00,210.00,414.00,210,204,0.00,0.00,0,0
1523100966,s2-eth2,6942.00,314042.00,320984.00,314042,6942,105.00,107.00,212.00,107,105,0.00,0.00,0,0
1523100966,s3-eth1,619128.00,13476.00,632604.00,13476,619128,210.00,204.00,414.00,204,210,0.00,0.00,0,0
1523100966,s3-eth3,7140.00,322928.00,330068.00,322928,7140,108.00,110.00,218.00,110,108,0.00,0.00,0,0
1523100966,s3-eth2,6682.00,299162.00,305844.00,299162,6682,101.00,101.00,202.00,101,101,0.00,0.00,0,0
1523100966,eth0,134.00,66.00,200.00,66,134,1.00,1.00,2.00,1,1,0.00,0.00,0,0
1523100966,eth1,0.00,0.00,0.00,0,0,0.00,0.00,0.00,0,0,0.00,0.00,0,0
1523100966,lo,4236.00,4236.00,8472.00,4236,4236,47.00,47.00,94.00,47,47,0.00,0.00,0,0
1523100966,s1,0.00,280.00,280.00,280,0,0.00,4.00,4.00,4,0,0.00,0.00,0,0
1523100966,s4-eth1,322928.00,7140.00,330068.00,7140,322928,110.00,108.00,218.00,108,110,0.00,0.00,0,0
1523100966,s4-eth2,7140.00,322928.00,330068.00,322928,7140,108.00,110.00,218.00,110,108,0.00,0.00,0,0
1523100966,s2,0.00,280.00,280.00,280,0,0.00,4.00,4.00,4,0,0.00,0.00,0,0
1523100966,total,3171890.00,3225628.00,6397518.00,3225628,3171890,2142.00,2167.00,4309.00,2167,2142,0.00,0.00,0,0
1523100967,s3,0.00,70.00,70.00,70,0,0.00,1.00,1.00,1,0,0.00,0.00,0,0
1523100967,s1-eth1,1223586.00,27258.00,1250844.00,27258,1223586,417.00,413.00,830.00,413,417,0.00,0.00,0,0
1523100967,s1-eth3,19926.00,930264.00,950190.00,930264,19926,303.00,318.00,621.00,318,303,0.00,0.00,0,0
1523100967,s1-eth2,7654.00,349642.00,357296.00,349642,7654,117.00,121.00,238.00,121,117,0.00,0.00,0,0
1523100967,s4,0.00,70.00,70.00,70,0,0.00,1.00,1.00,1,0,0.00,0.00,0,0
1523100967,s2-eth1,930264.00,19926.00,950190.00,19926,930264,318.00,303.00,621.00,303,318,0.00,0.00,0,0
1523100967,s2-eth3,12972.00,604486.00,617458.00,604486,12972,198.00,209.00,407.00,209,198,0.00,0.00,0,0
1523100967,s2-eth2,7192.00,328908.00,336100.00,328908,7192,110.00,114.00,224.00,114,110,0.00,0.00,0,0
1523100967,s3-eth1,604486.00,12972.00,617458.00,12972,604486,209.00,198.00,407.00,198,209,0.00,0.00,0,0
1523100967,s3-eth3,5740.00,260782.00,266522.00,260782,5740,88.00,91.00,179.00,91,88,0.00,0.00,0,0
1523100967,s3-eth2,7386.00,340826.00,348212.00,340826,7386,113.00,119.00,232.00,119,113,0.00,0.00,0,0
1523100967,eth0,134.00,66.00,200.00,66,134,1.00,1.00,2.00,1,1,0.00,0.00,0,0
1523100967,eth1,0.00,0.00,0.00,0,0,0.00,0.00,0.00,0,0,0.00,0.00,0,0
1523100967,lo,9816.00,9816.00,19632.00,9816,9816,94.00,94.00,188.00,94,94,0.00,0.00,0,0
1523100967,s1,0.00,70.00,70.00,70,0,0.00,1.00,1.00,1,0,0.00,0.00,0,0
1523100967,s4-eth1,260782.00,5740.00,266522.00,5740,260782,91.00,88.00,179.00,88,91,0.00,0.00,0,0
1523100967,s4-eth2,5674.00,260782.00,266456.00,260782,5674,87.00,91.00,178.00,91,87,0.00,0.00,0,0
1523100967,s2,0.00,70.00,70.00,70,0,0.00,1.00,1.00,1,0,0.00,0.00,0,0
1523100967,total,3095612.00,3151748.00,6247360.00,3151748,3095612,2146.00,2164.00,4310.00,2164,2146,0.00,0.00,0,0
1523100968,s3,0.00,0.00,0.00,0,0,0.00,0.00,0.00,0,0,0.00,0.00,0,0
1523100968,s1-eth1,1172952.00,26070.00,1199022.00,26070,1172952,396.00,395.00,791.00,395,396,0.00,0.00,0,0
1523100968,s1-eth3,19338.00,927106.00,946444.00,927106,19338,293.00,313.00,606.00,313,293,0.00,0.00,0,0
1523100968,s1-eth2,6798.00,325820.00,332618.00,325820,6798,103.00,110.00,213.00,110,103,0.00,0.00,0,0
1523100968,s4,0.00,0.00,0.00,0,0,0.00,0.00,0.00,0,0,0.00,0.00,0,0
1523100968,s2-eth1,927106.00,19338.00,946444.00,19338,927106,313.00,293.00,606.00,293,313,0.00,0.00,0,0
1523100968,s2-eth3,12804.00,619058.00,631862.00,619058,12804,194.00,209.00,403.00,209,194,0.00,0.00,0,0
1523100968,s2-eth2,6468.00,313972.00,320440.00,313972,6468,98.00,106.00,204.00,106,98,0.00,0.00,0,0
1523100968,s3-eth1,619058.00,12804.00,631862.00,12804,619058,209.00,194.00,403.00,194,209,0.00,0.00,0,0
1523100968,s3-eth3,7260.00,352478.00,359738.00,352478,7260,110.00,119.00,229.00,119,110,0.00,0.00,0,0
1523100968,s3-eth2,5544.00,266580.00,272124.00,266580,5544,84.00,90.00,174.00,90,84,0.00,0.00,0,0
1523100968,eth0,134.00,66.00,200.00,66,134,1.00,1.00,2.00,1,1,0.00,0.00,0,0
1523100968,eth1,0.00,0.00,0.00,0,0,0.00,0.00,0.00,0,0,0.00,0.00,0,0
1523100968,lo,0.00,0.00,0.00,0,0,0.00,0.00,0.00,0,0,0.00,0.00,0,0
1523100968,s1,0.00,0.00,0.00,0,0,0.00,0.00,0.00,0,0,0.00,0.00,0,0
1523100968,s4-eth1,352478.00,7260.00,359738.00,7260,352478,119.00,110.00,229.00,110,119,0.00,0.00,0,0
1523100968,s4-eth2,7260.00,352478.00,359738.00,352478,7260,110.00,119.00,229.00,119,110,0.00,0.00,0,0
1523100968,s2,0.00,0.00,0.00,0,0,0.00,0.00,0.00,0,0,0.00,0.00,0,0
1523100968,total,3137200.00,3223030.00,6360230.00,3223030,3137200,2030.00,2059.00,4089.00,2059,2030,0.00,0.00,0,0
1523100969,s3,0.00,0.00,0.00,0,0,0.00,0.00,0.00,0,0,0.00,0.00,0,0
1523100969,s1-eth1,1223306.00,29178.00,1252484.00,29178,1223306,413.00,413.00,826.00,413,413,0.00,0.00,0,0
1523100969,s1-eth3,21410.00,1001622.00,1023032.00,1001622,21410,311.00,367.00,678.00,367,311,0.00,0.00,0,0
1523100969,s1-eth2,7768.00,307788.00,315556.00,307788,7768,102.00,122.00,224.00,122,102,0.00,0.00,0,0
1523100969,s4,0.00,0.00,0.00,0,0,0.00,0.00,0.00,0,0,0.00,0.00,0,0
1523100969,s2-eth1,1001622.00,21410.00,1023032.00,21410,1001622,367.00,311.00,678.00,311,367,0.00,0.00,0,0
1523100969,s2-eth3,14262.00,656054.00,670316.00,656054,14262,207.00,243.00,450.00,243,207,0.00,0.00,0,0
1523100969,s2-eth2,7120.00,338196.00,345316.00,338196,7120,104.00,122.00,226.00,122,104,0.00,0.00,0,0
1523100969,s3-eth1,656054.00,14262.00,670316.00,14262,656054,243.00,207.00,450.00,207,243,0.00,0.00,0,0
1523100969,s3-eth3,7480.00,342936.00,350416.00,342936,7480,108.00,128.00,236.00,128,108,0.00,0.00,0,0
1523100969,s3-eth2,6782.00,313118.00,319900.00,313118,6782,99.00,115.00,214.00,115,99,0.00,0.00,0,0
1523100969,eth0,134.00,66.00,200.00,66,134,1.00,1.00,2.00,1,1,0.00,0.00,0,0
1523100969,eth1,0.00,0.00,0.00,0,0,0.00,0.00,0.00,0,0,0.00,0.00,0,0
1523100969,lo,0.00,0.00,0.00,0,0,0.00,0.00,0.00,0,0,0.00,0.00,0,0
1523100969,s1,0.00,0.00,0.00,0,0,0.00,0.00,0.00,0,0,0.00,0.00,0,0
1523100969,s4-eth1,342936.00,7480.00,350416.00,7480,342936,128.00,108.00,236.00,108,128,0.00,0.00,0,0
1523100969,s4-eth2,7452.00,342936.00,350388.00,342936,7452,108.00,128.00,236.00,128,108,0.00,0.00,0,0
1523100969,s2,0.00,0.00,0.00,0,0,0.00,0.00,0.00,0,0,0.00,0.00,0,0
1523100969,total,3296326.00,3375046.00,6671372.00,3375046,3296326,2191.00,2265.00,4456.00,2265,2191,0.00,0.00,0,0
1523100970,s3,0.00,280.00,280.00,280,0,0.00,4.00,4.00,4,0,0.00,0.00,0,0
1523100970,s1-eth1,1234860.00,56698.00,1291558.00,56698,1234860,610.00,611.00,1221.00,611,610,0.00,0.00,0,0
1523100970,s1-eth3,45676.00,874028.00,919704.00,874028,45676,494.00,474.00,968.00,474,494,0.00,0.00,0,0
1523100970,s1-eth2,11302.00,272652.00,283954.00,272652,11302,121.00,160.00,281.00,160,121,0.00,0.00,0,0
1523100970,s4,0.00,280.00,280.00,280,0,0.00,4.00,4.00,4,0,0.00,0.00,0,0
1523100970,s2-eth1,874028.00,45676.00,919704.00,45676,874028,474.00,494.00,968.00,494,474,0.00,0.00,0,0
1523100970,s2-eth3,30174.00,614082.00,644256.00,614082,30174,329.00,331.00,660.00,331,329,0.00,0.00,0,0
1523100970,s2-eth2,15798.00,258432.00,274230.00,258432,15798,169.00,142.00,311.00,142,169,0.00,0.00,0,0
1523100970,s3-eth1,617044.00,30252.00,647296.00,30252,617044,332.00,330.00,662.00,330,332,0.00,0.00,0,0
1523100970,s3-eth3,14930.00,292000.00,306930.00,292000,14930,163.00,146.00,309.00,146,163,0.00,0.00,0,0
1523100970,s3-eth2,15524.00,326558.00,342082.00,326558,15524,170.00,187.00,357.00,187,170,0.00,0.00,0,0
1523100970,eth0,134.00,66.00,200.00,66,134,1.00,1.00,2.00,1,1,0.00,0.00,0,0
1523100970,eth1,0.00,0.00,0.00,0,0,0.00,0.00,0.00,0,0,0.00,0.00,0,0
1523100970,lo,4080.00,4080.00,8160.00,4080,4080,44.00,44.00,88.00,44,44,0.00,0.00,0,0
1523100970,s1,0.00,280.00,280.00,280,0,0.00,4.00,4.00,4,0,0.00,0.00,0,0
1523100970,s4-eth1,292000.00,14930.00,306930.00,14930,292000,146.00,163.00,309.00,163,146,0.00,0.00,0,0
1523100970,s4-eth2,15024.00,292000.00,307024.00,292000,15024,164.00,146.00,310.00,146,164,0.00,0.00,0,0
1523100970,s2,0.00,280.00,280.00,280,0,0.00,4.00,4.00,4,0,0.00,0.00,0,0
1523100970,total,3170574.00,3082574.00,6253148.00,3082574,3170574,3217.00,3245.00,6462.00,3245,3217,0.00,0.00,0,0
1523100971,s3,0.00,70.00,70.00,70,0,0.00,1.00,1.00,1,0,0.00,0.00,0,0
1523100971,s1-eth1,1035020.00,28830.00,1063850.00,28830,1035020,434.00,431.00,865.00,431,434,0.00,0.00,0,0
1523100971,s1-eth3,19026.00,850626.00,869652.00,850626,19026,285.00,295.00,580.00,295,285,0.00,0.00,0,0
1523100971,s1-eth2,9808.00,299100.00,308908.00,299100,9808,146.00,122.00,268.00,122,146,0.00,0.00,0,0
1523100971,s4,0.00,70.00,70.00,70,0,0.00,1.00,1.00,1,0,0.00,0.00,0,0
1523100971,s2-eth1,850626.00,19026.00,869652.00,19026,850626,295.00,285.00,580.00,285,295,0.00,0.00,0,0
1523100971,s2-eth3,14604.00,567656.00,582260.00,567656,14604,218.00,198.00,416.00,198,218,0.00,0.00,0,0
1523100971,s2-eth2,4570.00,285932.00,290502.00,285932,4570,69.00,98.00,167.00,98,69,0.00,0.00,0,0
1523100971,s3-eth1,564694.00,14526.00,579220.00,14526,564694,197.00,217.00,414.00,217,197,0.00,0.00,0,0
1523100971,s3-eth3,7054.00,296266.00,303320.00,296266,7054,105.00,101.00,206.00,101,105,0.00,0.00,0,0
1523100971,s3-eth2,7620.00,266914.00,274534.00,266914,7620,114.00,95.00,209.00,95,114,0.00,0.00,0,0
1523100971,eth0,134.00,66.00,200.00,66,134,1.00,1.00,2.00,1,1,0.00,0.00,0,0
1523100971,eth1,0.00,0.00,0.00,0,0,0.00,0.00,0.00,0,0,0.00,0.00,0,0
1523100971,lo,1072.00,1072.00,2144.00,1072,1072,12.00,12.00,24.00,12,12,0.00,0.00,0,0
1523100971,s1,0.00,70.00,70.00,70,0,0.00,1.00,1.00,1,0,0.00,0.00,0,0
1523100971,s4-eth1,296266.00,7054.00,303320.00,7054,296266,101.00,105.00,206.00,105,101,0.00,0.00,0,0
1523100971,s4-eth2,6988.00,296266.00,303254.00,296266,6988,104.00,101.00,205.00,101,104,0.00,0.00,0,0
1523100971,s2,0.00,70.00,70.00,70,0,0.00,1.00,1.00,1,0,0.00,0.00,0,0
1523100971,total,2817482.00,2933614.00,5751096.00,2933614,2817482,2081.00,2065.00,4146.00,2065,2081,0.00,0.00,0,0
1523100972,s3,0.00,0.00,0.00,0,0,0.00,0.00,0.00,0,0,0.00,0.00,0,0
1523100972,s1-eth1,1223306.00,27258.00,1250564.00,27258,1223306,413.00,413.00,826.00,413,413,0.00,0.00,0,0
1523100972,s1-eth3,20328.00,933030.00,953358.00,933030,20328,308.00,315.00,623.00,315,308,0.00,0.00,0,0
1523100972,s1-eth2,6930.00,319896.00,326826.00,319896,6930,105.00,108.00,213.00,108,105,0.00,0.00,0,0
1523100972,s4,0.00,0.00,0.00,0,0,0.00,0.00,0.00,0,0,0.00,0.00,0,0
1523100972,s2-eth1,933030.00,20328.00,953358.00,20328,933030,315.00,308.00,623.00,308,315,0.00,0.00,0,0
1523100972,s2-eth3,13398.00,613134.00,626532.00,613134,13398,203.00,207.00,410.00,207,203,0.00,0.00,0,0
1523100972,s2-eth2,6930.00,316934.00,323864.00,316934,6930,105.00,107.00,212.00,107,105,0.00,0.00,0,0
1523100972,s3-eth1,613134.00,13398.00,626532.00,13398,613134,207.00,203.00,410.00,203,207,0.00,0.00,0,0
1523100972,s3-eth3,6996.00,322858.00,329854.00,322858,6996,106.00,109.00,215.00,109,106,0.00,0.00,0,0
1523100972,s3-eth2,6336.00,290276.00,296612.00,290276,6336,96.00,98.00,194.00,98,96,0.00,0.00,0,0
1523100972,eth0,134.00,66.00,200.00,66,134,1.00,1.00,2.00,1,1,0.00,0.00,0,0
1523100972,eth1,0.00,0.00,0.00,0,0,0.00,0.00,0.00,0,0,0.00,0.00,0,0
1523100972,lo,0.00,0.00,0.00,0,0,0.00,0.00,0.00,0,0,0.00,0.00,0,0
1523100972,s1,0.00,0.00,0.00,0,0,0.00,0.00,0.00,0,0,0.00,0.00,0,0
1523100972,s4-eth1,322858.00,6996.00,329854.00,6996,322858,109.00,106.00,215.00,106,109,0.00,0.00,0,0
1523100972,s4-eth2,7062.00,322858.00,329920.00,322858,7062,107.00,109.00,216.00,109,107,0.00,0.00,0,0
1523100972,s2,0.00,0.00,0.00,0,0,0.00,0.00,0.00,0,0,0.00,0.00,0,0
1523100972,total,3160442.00,3187032.00,6347474.00,3187032,3160442,2075.00,2084.00,4159.00,2084,2075,0.00,0.00,0,0
1523100973,s3,0.00,0.00,0.00,0,0,0.00,0.00,0.00,0,0,0.00,0.00,0,0
1523100973,s1-eth1,1223306.00,27258.00,1250564.00,27258,1223306,413.00,413.00,826.00,413,413,0.00,0.00,0,0
1523100973,s1-eth3,20592.00,930068.00,950660.00,930068,20592,312.00,314.00,626.00,314,312,0.00,0.00,0,0
1523100973,s1-eth2,6666.00,302124.00,308790.00,302124,6666,101.00,102.00,203.00,102,101,0.00,0.00,0,0
1523100973,s4,0.00,0.00,0.00,0,0,0.00,0.00,0.00,0,0,0.00,0.00,0,0
1523100973,s2-eth1,930068.00,20592.00,950660.00,20592,930068,314.00,312.00,626.00,312,314,0.00,0.00,0,0
1523100973,s2-eth3,13332.00,604248.00,617580.00,604248,13332,202.00,204.00,406.00,204,202,0.00,0.00,0,0
1523100973,s2-eth2,7260.00,325820.00,333080.00,325820,7260,110.00,110.00,220.00,110,110,0.00,0.00,0,0
1523100973,s3-eth1,604248.00,13332.00,617580.00,13332,604248,204.00,202.00,406.00,202,204,0.00,0.00,0,0
1523100973,s3-eth3,6732.00,305086.00,311818.00,305086,6732,102.00,103.00,205.00,103,102,0.00,0.00,0,0
1523100973,s3-eth2,6666.00,302124.00,308790.00,302124,6666,101.00,102.00,203.00,102,101,0.00,0.00,0,0
1523100973,eth0,134.00,66.00,200.00,66,134,1.00,1.00,2.00,1,1,0.00,0.00,0,0
1523100973,eth1,0.00,0.00,0.00,0,0,0.00,0.00,0.00,0,0,0.00,0.00,0,0
1523100973,lo,0.00,0.00,0.00,0,0,0.00,0.00,0.00,0,0,0.00,0.00,0,0
1523100973,s1,0.00,0.00,0.00,0,0,0.00,0.00,0.00,0,0,0.00,0.00,0,0
1523100973,s4-eth1,305086.00,6732.00,311818.00,6732,305086,103.00,102.00,205.00,102,103,0.00,0.00,0,0
1523100973,s4-eth2,6732.00,305086.00,311818.00,305086,6732,102.00,103.00,205.00,103,102,0.00,0.00,0,0
1523100973,s2,0.00,0.00,0.00,0,0,0.00,0.00,0.00,0,0,0.00,0.00,0,0
1523100973,total,3130822.00,3142536.00,6273358.00,3142536,3130822,2065.00,2068.00,4133.00,2068,2065,0.00,0.00,0,0
1523100974,s3,0.00,0.00,0.00,0,0,0.00,0.00,0.00,0,0,0.00,0.00,0,0
1523100974,s1-eth1,1223306.00,27258.00,1250564.00,27258,1223306,413.00,413.00,826.00,413,413,0.00,0.00,0,0
1523100974,s1-eth3,20592.00,924144.00,944736.00,924144,20592,312.00,312.00,624.00,312,312,0.00,0.00,0,0
1523100974,s1-eth2,6666.00,299162.00,305828.00,299162,6666,101.00,101.00,202.00,101,101,0.00,0.00,0,0
1523100974,s4,0.00,0.00,0.00,0,0,0.00,0.00,0.00,0,0,0.00,0.00,0,0
1523100974,s2-eth1,924144.00,20592.00,944736.00,20592,924144,312.00,312.00,624.00,312,312,0.00,0.00,0,0
1523100974,s2-eth3,13662.00,616096.00,629758.00,616096,13662,207.00,208.00,415.00,208,207,0.00,0.00,0,0
1523100974,s2-eth2,6930.00,313972.00,320902.00,313972,6930,105.00,106.00,211.00,106,105,0.00,0.00,0,0
1523100974,s3-eth1,616096.00,13662.00,629758.00,13662,616096,208.00,207.00,415.00,207,208,0.00,0.00,0,0
1523100974,s3-eth3,6930.00,311010.00,317940.00,311010,6930,105.00,105.00,210.00,105,105,0.00,0.00,0,0
1523100974,s3-eth2,6732.00,302124.00,308856.00,302124,6732,102.00,102.00,204.00,102,102,0.00,0.00,0,0
1523100974,eth0,134.00,66.00,200.00,66,134,1.00,1.00,2.00,1,1,0.00,0.00,0,0
1523100974,eth1,0.00,0.00,0.00,0,0,0.00,0.00,0.00,0,0,0.00,0.00,0,0
1523100974,lo,0.00,0.00,0.00,0,0,0.00,0.00,0.00,0,0,0.00,0.00,0,0
1523100974,s1,0.00,0.00,0.00,0,0,0.00,0.00,0.00,0,0,0.00,0.00,0,0
1523100974,s4-eth1,311010.00,6930.00,317940.00,6930,311010,105.00,105.00,210.00,105,105,0.00,0.00,0,0
1523100974,s4-eth2,6930.00,311010.00,317940.00,311010,6930,105.00,105.00,210.00,105,105,0.00,0.00,0,0
1523100974,s2,0.00,0.00,0.00,0,0,0.00,0.00,0.00,0,0,0.00,0.00,0,0
1523100974,total,3143132.00,3146026.00,6289158.00,3146026,3143132,2076.00,2077.00,4153.00,2077,2076,0.00,0.00,0,0
1523100975,s3,0.00,0.00,0.00,0,0,0.00,0.00,0.00,0,0,0.00,0.00,0,0
1523100975,s1-eth1,1223306.00,27192.00,1250498.00,27192,1223306,413.00,412.00,825.00,412,413,0.00,0.00,0,0
1523100975,s1-eth3,20526.00,930068.00,950594.00,930068,20526,311.00,314.00,625.00,314,311,0.00,0.00,0,0
1523100975,s1-eth2,6732.00,305086.00,311818.00,305086,6732,102.00,103.00,205.00,103,102,0.00,0.00,0,0
1523100975,s4,0.00,0.00,0.00,0,0,0.00,0.00,0.00,0,0,0.00,0.00,0,0
1523100975,s2-eth1,930068.00,20526.00,950594.00,20526,930068,314.00,311.00,625.00,311,314,0.00,0.00,0,0
1523100975,s2-eth3,13332.00,604248.00,617580.00,604248,13332,202.00,204.00,406.00,204,202,0.00,0.00,0,0
1523100975,s2-eth2,7128.00,319896.00,327024.00,319896,7128,108.00,108.00,216.00,108,108,0.00,0.00,0,0
1523100975,s3-eth1,604248.00,13332.00,617580.00,13332,604248,204.00,202.00,406.00,202,204,0.00,0.00,0,0
1523100975,s3-eth3,6666.00,302124.00,308790.00,302124,6666,101.00,102.00,203.00,102,101,0.00,0.00,0,0
1523100975,s3-eth2,6666.00,302124.00,308790.00,302124,6666,101.00,102.00,203.00,102,101,0.00,0.00,0,0
1523100975,eth0,134.00,66.00,200.00,66,134,1.00,1.00,2.00,1,1,0.00,0.00,0,0
1523100975,eth1,0.00,0.00,0.00,0,0,0.00,0.00,0.00,0,0,0.00,0.00,0,0
1523100975,lo,688.00,688.00,1376.00,688,688,12.00,12.00,24.00,12,12,0.00,0.00,0,0
1523100975,s1,0.00,0.00,0.00,0,0,0.00,0.00,0.00,0,0,0.00,0.00,0,0
1523100975,s4-eth1,302124.00,6666.00,308790.00,6666,302124,102.00,101.00,203.00,101,102,0.00,0.00,0,0
1523100975,s4-eth2,6666.00,302124.00,308790.00,302124,6666,101.00,102.00,203.00,102,101,0.00,0.00,0,0
1523100975,s2,0.00,0.00,0.00,0,0,0.00,0.00,0.00,0,0,0.00,0.00,0,0
1523100975,total,3128284.00,3134140.00,6262424.00,3134140,3128284,2072.00,2074.00,4146.00,2074,2072,0.00,0.00,0,0
1523100976,s3,0.00,0.00,0.00,0,0,0.00,0.00,0.00,0,0,0.00,0.00,0,0
1523100976,s1-eth1,1223306.00,27258.00,1250564.00,27258,1223306,413.00,413.00,826.00,413,413,0.00,0.00,0,0
1523100976,s1-eth3,20460.00,930068.00,950528.00,930068,20460,310.00,314.00,624.00,314,310,0.00,0.00,0,0
1523100976,s1-eth2,6798.00,311010.00,317808.00,311010,6798,103.00,105.00,208.00,105,103,0.00,0.00,0,0
1523100976,s4,0.00,0.00,0.00,0,0,0.00,0.00,0.00,0,0,0.00,0.00,0,0
1523100976,s2-eth1,930068.00,20460.00,950528.00,20460,930068,314.00,310.00,624.00,310,314,0.00,0.00,0,0
1523100976,s2-eth3,13530.00,616096.00,629626.00,616096,13530,205.00,208.00,413.00,208,205,0.00,0.00,0,0
1523100976,s2-eth2,6930.00,316934.00,323864.00,316934,6930,105.00,107.00,212.00,107,105,0.00,0.00,0,0
1523100976,s3-eth1,616096.00,13530.00,629626.00,13530,616096,208.00,205.00,413.00,205,208,0.00,0.00,0,0
1523100976,s3-eth3,6600.00,296200.00,302800.00,296200,6600,100.00,100.00,200.00,100,100,0.00,0.00,0,0
1523100976,s3-eth2,6930.00,319896.00,326826.00,319896,6930,105.00,108.00,213.00,108,105,0.00,0.00,0,0
1523100976,eth0,134.00,66.00,200.00,66,134,1.00,1.00,2.00,1,1,0.00,0.00,0,0
1523100976,eth1,0.00,0.00,0.00,0,0,0.00,0.00,0.00,0,0,0.00,0.00,0,0
1523100976,lo,0.00,0.00,0.00,0,0,0.00,0.00,0.00,0,0,0.00,0.00,0,0
1523100976,s1,0.00,0.00,0.00,0,0,0.00,0.00,0.00,0,0,0.00,0.00,0,0
1523100976,s4-eth1,296200.00,6600.00,302800.00,6600,296200,100.00,100.00,200.00,100,100,0.00,0.00,0,0
1523100976,s4-eth2,6534.00,299162.00,305696.00,299162,6534,99.00,101.00,200.00,101,99,0.00,0.00,0,0
1523100976,s2,0.00,0.00,0.00,0,0,0.00,0.00,0.00,0,0,0.00,0.00,0,0
1523100976,total,3133586.00,3157280.00,6290866.00,3157280,3133586,2063.00,2072.00,4135.00,2072,2063,0.00,0.00,0,0
1523100977,s3,0.00,0.00,0.00,0,0,0.00,0.00,0.00,0,0,0.00,0.00,0,0
1523100977,s1-eth1,1223306.00,27258.00,1250564.00,27258,1223306,413.00,413.00,826.00,413,413,0.00,0.00,0,0
1523100977,s1-eth3,20064.00,947840.00,967904.00,947840,20064,304.00,320.00,624.00,320,304,0.00,0.00,0,0
1523100977,s1-eth2,7194.00,334706.00,341900.00,334706,7194,109.00,113.00,222.00,113,109,0.00,0.00,0,0
1523100977,s4,0.00,0.00,0.00,0,0,0.00,0.00,0.00,0,0,0.00,0.00,0,0
1523100977,s2-eth1,947840.00,20064.00,967904.00,20064,947840,320.00,304.00,624.00,304,320,0.00,0.00,0,0
1523100977,s2-eth3,13398.00,630906.00,644304.00,630906,13398,203.00,213.00,416.00,213,203,0.00,0.00,0,0
1523100977,s2-eth2,6666.00,313972.00,320638.00,313972,6666,101.00,106.00,207.00,106,101,0.00,0.00,0,0
1523100977,s3-eth1,630906.00,13398.00,644304.00,13398,630906,213.00,203.00,416.00,203,213,0.00,0.00,0,0
1523100977,s3-eth3,7524.00,358402.00,365926.00,358402,7524,114.00,121.00,235.00,121,114,0.00,0.00,0,0
1523100977,s3-eth2,5874.00,275466.00,281340.00,275466,5874,89.00,93.00,182.00,93,89,0.00,0.00,0,0
1523100977,eth0,134.00,66.00,200.00,66,134,1.00,1.00,2.00,1,1,0.00,0.00,0,0
1523100977,eth1,0.00,0.00,0.00,0,0,0.00,0.00,0.00,0,0,0.00,0.00,0,0
1523100977,lo,0.00,0.00,0.00,0,0,0.00,0.00,0.00,0,0,0.00,0.00,0,0
1523100977,s1,0.00,0.00,0.00,0,0,0.00,0.00,0.00,0,0,0.00,0.00,0,0
1523100977,s4-eth1,358402.00,7524.00,365926.00,7524,358402,121.00,114.00,235.00,114,121,0.00,0.00,0,0
1523100977,s4-eth2,7590.00,355440.00,363030.00,355440,7590,115.00,120.00,235.00,120,115,0.00,0.00,0,0
1523100977,s2,0.00,0.00,0.00,0,0,0.00,0.00,0.00,0,0,0.00,0.00,0,0
1523100977,total,3228898.00,3285042.00,6513940.00,3285042,3228898,2103.00,2121.00,4224.00,2121,2103,0.00,0.00,0,0
1523100978,s3,0.00,0.00,0.00,0,0,0.00,0.00,0.00,0,0,0.00,0.00,0,0
1523100978,s1-eth1,1223306.00,27258.00,1250564.00,27258,1223306,413.00,413.00,826.00,413,413,0.00,0.00,0,0
1523100978,s1-eth3,20922.00,1013004.00,1033926.00,1013004,20922,317.00,342.00,659.00,342,317,0.00,0.00,0,0
1523100978,s1-eth2,6336.00,305086.00,311422.00,305086,6336,96.00,103.00,199.00,103,96,0.00,0.00,0,0
1523100978,s4,0.00,0.00,0.00,0,0,0.00,0.00,0.00,0,0,0.00,0.00,0,0
1523100978,s2-eth1,1013004.00,20922.00,1033926.00,20922,1013004,342.00,317.00,659.00,317,342,0.00,0.00,0,0
1523100978,s2-eth3,13992.00,684222.00,698214.00,684222,13992,212.00,231.00,443.00,231,212,0.00,0.00,0,0
1523100978,s2-eth2,6996.00,334706.00,341702.00,334706,6996,106.00,113.00,219.00,113,106,0.00,0.00,0,0
1523100978,s3-eth1,684222.00,13992.00,698214.00,13992,684222,231.00,212.00,443.00,212,231,0.00,0.00,0,0
1523100978,s3-eth3,6006.00,290276.00,296282.00,290276,6006,91.00,98.00,189.00,98,91,0.00,0.00,0,0
1523100978,s3-eth2,7986.00,390984.00,398970.00,390984,7986,121.00,132.00,253.00,132,121,0.00,0.00,0,0
1523100978,eth0,134.00,66.00,200.00,66,134,1.00,1.00,2.00,1,1,0.00,0.00,0,0
1523100978,eth1,0.00,0.00,0.00,0,0,0.00,0.00,0.00,0,0,0.00,0.00,0,0
1523100978,lo,0.00,0.00,0.00,0,0,0.00,0.00,0.00,0,0,0.00,0.00,0,0
1523100978,s1,0.00,0.00,0.00,0,0,0.00,0.00,0.00,0,0,0.00,0.00,0,0
1523100978,s4-eth1,290276.00,6006.00,296282.00,6006,290276,98.00,91.00,189.00,91,98,0.00,0.00,0,0
1523100978,s4-eth2,6006.00,290276.00,296282.00,290276,6006,91.00,98.00,189.00,98,91,0.00,0.00,0,0
1523100978,s2,0.00,0.00,0.00,0,0,0.00,0.00,0.00,0,0,0.00,0.00,0,0
1523100978,total,3279186.00,3376798.00,6655984.00,3376798,3279186,2119.00,2151.00,4270.00,2151,2119,0.00,0.00,0,0
1523100979,s3,0.00,0.00,0.00,0,0,0.00,0.00,0.00,0,0,0.00,0.00,0,0
1523100979,s1-eth1,1222386.00,30510.00,1252896.00,30510,1222386,421.00,421.00,842.00,421,421,0.00,0.00,0,0
1523100979,s1-eth3,23534.00,1016106.00,1039640.00,1016106,23534,331.00,389.00,720.00,389,331,0.00,0.00,0,0
1523100979,s1-eth2,6976.00,281002.00,287978.00,281002,6976,90.00,133.00,223.00,133,90,0.00,0.00,0,0
1523100979,s4,0.00,0.00,0.00,0,0,0.00,0.00,0.00,0,0,0.00,0.00,0,0
1523100979,s2-eth1,1016106.00,23534.00,1039640.00,23534,1016106,389.00,331.00,720.00,331,389,0.00,0.00,0,0
1523100979,s2-eth3,14754.00,733260.00,748014.00,733260,14754,223.00,250.00,473.00,250,223,0.00,0.00,0,0
1523100979,s2-eth2,8714.00,293378.00,302092.00,293378,8714,107.00,145.00,252.00,145,107,0.00,0.00,0,0
1523100979,s3-eth1,733260.00,14754.00,748014.00,14754,733260,250.00,223.00,473.00,223,250,0.00,0.00,0,0
1523100979,s3-eth3,7392.00,367288.00,374680.00,367288,7392,112.00,124.00,236.00,124,112,0.00,0.00,0,0
1523100979,s3-eth2,7362.00,368934.00,376296.00,368934,7362,111.00,127.00,238.00,127,111,0.00,0.00,0,0
1523100979,eth0,134.00,66.00,200.00,66,134,1.00,1.00,2.00,1,1,0.00,0.00,0,0
1523100979,eth1,0.00,0.00,0.00,0,0,0.00,0.00,0.00,0,0,0.00,0.00,0,0
1523100979,lo,0.00,0.00,0.00,0,0,0.00,0.00,0.00,0,0,0.00,0.00,0,0
1523100979,s1,0.00,0.00,0.00,0,0,0.00,0.00,0.00,0,0,0.00,0.00,0,0
1523100979,s4-eth1,367288.00,7392.00,374680.00,7392,367288,124.00,112.00,236.00,112,124,0.00,0.00,0,0
1523100979,s4-eth2,7392.00,367288.00,374680.00,367288,7392,112.00,124.00,236.00,124,112,0.00,0.00,0,0
1523100979,s2,0.00,0.00,0.00,0,0,0.00,0.00,0.00,0,0,0.00,0.00,0,0
1523100979,total,3415298.00,3503512.00,6918810.00,3503512,3415298,2271.00,2380.00,4651.00,2380,2271,0.00,0.00,0,0
1523100980,s3,0.00,0.00,0.00,0,0,0.00,0.00,0.00,0,0,0.00,0.00,0,0
1523100980,s1-eth1,1241060.00,63692.00,1304752.00,63692,1241060,682.00,682.00,1364.00,682,682,0.00,0.00,0,0
1523100980,s1-eth3,54762.00,1151424.00,1206186.00,1151424,54762,587.00,728.00,1315.00,728,587,0.00,0.00,0,0
1523100980,s1-eth2,8836.00,268304.00,277140.00,268304,8836,94.00,160.00,254.00,160,94,0.00,0.00,0,0
1523100980,s4,0.00,0.00,0.00,0,0,0.00,0.00,0.00,0,0,0.00,0.00,0,0
1523100980,s2-eth1,1151424.00,54762.00,1206186.00,54762,1151424,728.00,587.00,1315.00,587,728,0.00,0.00,0,0
1523100980,s2-eth3,37344.00,811566.00,848910.00,811566,37344,402.00,515.00,917.00,515,402,0.00,0.00,0,0
1523100980,s2-eth2,17390.00,329458.00,346848.00,329458,17390,185.00,209.00,394.00,209,185,0.00,0.00,0,0
1523100980,s3-eth1,811566.00,37344.00,848910.00,37344,811566,515.00,402.00,917.00,402,515,0.00,0.00,0,0
1523100980,s3-eth3,17350.00,417006.00,434356.00,417006,17350,187.00,263.00,450.00,263,187,0.00,0.00,0,0
1523100980,s3-eth2,19900.00,391598.00,411498.00,391598,19900,214.00,251.00,465.00,251,214,0.00,0.00,0,0
1523100980,eth0,134.00,66.00,200.00,66,134,1.00,1.00,2.00,1,1,0.00,0.00,0,0
1523100980,eth1,0.00,0.00,0.00,0,0,0.00,0.00,0.00,0,0,0.00,0.00,0,0
1523100980,lo,688.00,688.00,1376.00,688,688,12.00,12.00,24.00,12,12,0.00,0.00,0,0
1523100980,s1,0.00,0.00,0.00,0,0,0.00,0.00,0.00,0,0,0.00,0.00,0,0
1523100980,s4-eth1,417006.00,17350.00,434356.00,17350,417006,263.00,187.00,450.00,187,263,0.00,0.00,0,0
1523100980,s4-eth2,17350.00,418520.00,435870.00,418520,17350,187.00,264.00,451.00,264,187,0.00,0.00,0,0
1523100980,s2,0.00,0.00,0.00,0,0,0.00,0.00,0.00,0,0,0.00,0.00,0,0
1523100980,total,3794810.00,3961778.00,7756588.00,3961778,3794810,4057.00,4261.00,8318.00,4261,4057,0.00,0.00,0,0
1523100981,s3,0.00,0.00,0.00,0,0,0.00,0.00,0.00,0,0,0.00,0.00,0,0
1523100981,s1-eth1,1246802.00,66186.00,1312988.00,66186,1246802,769.00,747.00,1516.00,747,769,0.00,0.00,0,0
1523100981,s1-eth3,55470.00,962962.00,1018432.00,962962,55470,633.00,593.00,1226.00,593,633,0.00,0.00,0,0
1523100981,s1-eth2,10716.00,307664.00,318380.00,307664,10716,114.00,164.00,278.00,164,114,0.00,0.00,0,0
1523100981,s4,0.00,0.00,0.00,0,0,0.00,0.00,0.00,0,0,0.00,0.00,0,0
1523100981,s2-eth1,962962.00,55470.00,1018432.00,55470,962962,593.00,633.00,1226.00,633,593,0.00,0.00,0,0
1523100981,s2-eth3,39542.00,678330.00,717872.00,678330,39542,449.00,405.00,854.00,405,449,0.00,0.00,0,0
1523100981,s2-eth2,15944.00,278576.00,294520.00,278576,15944,184.00,184.00,368.00,184,184,0.00,0.00,0,0
1523100981,s3-eth1,678330.00,39542.00,717872.00,39542,678330,405.00,449.00,854.00,449,405,0.00,0.00,0,0
1523100981,s3-eth3,20990.00,367502.00,388492.00,367502,20990,233.00,215.00,448.00,215,233,0.00,0.00,0,0
1523100981,s3-eth2,18646.00,310828.00,329474.00,310828,18646,217.00,190.00,407.00,190,217,0.00,0.00,0,0
1523100981,eth0,134.00,66.00,200.00,66,134,1.00,1.00,2.00,1,1,0.00,0.00,0,0
1523100981,eth1,0.00,0.00,0.00,0,0,0.00,0.00,0.00,0,0,0.00,0.00,0,0
1523100981,lo,0.00,0.00,0.00,0,0,0.00,0.00,0.00,0,0,0.00,0.00,0,0
1523100981,s1,0.00,0.00,0.00,0,0,0.00,0.00,0.00,0,0,0.00,0.00,0,0
1523100981,s4-eth1,367502.00,20990.00,388492.00,20990,367502,215.00,233.00,448.00,233,215,0.00,0.00,0,0
1523100981,s4-eth2,20896.00,365988.00,386884.00,365988,20896,232.00,214.00,446.00,214,232,0.00,0.00,0,0
1523100981,s2,0.00,0.00,0.00,0,0,0.00,0.00,0.00,0,0,0.00,0.00,0,0
1523100981,total,3437934.00,3454104.00,6892038.00,3454104,3437934,4045.00,4028.00,8073.00,4028,4045,0.00,0.00,0,0
1523100982,s3,0.00,0.00,0.00,0,0,0.00,0.00,0.00,0,0,0.00,0.00,0,0
1523100982,s1-eth1,1230430.00,31298.00,1261728.00,31298,1230430,499.00,459.00,958.00,459,499,0.00,0.00,0,0
1523100982,s1-eth3,20730.00,864116.00,884846.00,864116,20730,309.00,302.00,611.00,302,309,0.00,0.00,0,0
1523100982,s1-eth2,10662.00,402506.00,413168.00,402506,10662,151.00,153.00,304.00,153,151,0.00,0.00,0,0
1523100982,s4,0.00,0.00,0.00,0,0,0.00,0.00,0.00,0,0,0.00,0.00,0,0
1523100982,s2-eth1,864116.00,20730.00,884846.00,20730,864116,302.00,309.00,611.00,309,302,0.00,0.00,0,0
1523100982,s2-eth3,14334.00,603196.00,617530.00,603196,14334,213.00,210.00,423.00,210,213,0.00,0.00,0,0
1523100982,s2-eth2,6408.00,263882.00,270290.00,263882,6408,96.00,93.00,189.00,93,96,0.00,0.00,0,0
1523100982,s3-eth1,603196.00,14334.00,617530.00,14334,603196,210.00,213.00,423.00,213,210,0.00,0.00,0,0
1523100982,s3-eth3,7866.00,304034.00,311900.00,304034,7866,115.00,109.00,224.00,109,115,0.00,0.00,0,0
1523100982,s3-eth2,6468.00,299162.00,305630.00,299162,6468,98.00,101.00,199.00,101,98,0.00,0.00,0,0
1523100982,eth0,134.00,66.00,200.00,66,134,1.00,1.00,2.00,1,1,0.00,0.00,0,0
1523100982,eth1,0.00,0.00,0.00,0,0,0.00,0.00,0.00,0,0,0.00,0.00,0,0
1523100982,lo,0.00,0.00,0.00,0,0,0.00,0.00,0.00,0,0,0.00,0.00,0,0
1523100982,s1,0.00,0.00,0.00,0,0,0.00,0.00,0.00,0,0,0.00,0.00,0,0
1523100982,s4-eth1,304034.00,7866.00,311900.00,7866,304034,109.00,115.00,224.00,115,109,0.00,0.00,0,0
1523100982,s4-eth2,7960.00,304034.00,311994.00,304034,7960,116.00,109.00,225.00,109,116,0.00,0.00,0,0
1523100982,s2,0.00,0.00,0.00,0,0,0.00,0.00,0.00,0,0,0.00,0.00,0,0
1523100982,total,3076338.00,3115224.00,6191562.00,3115224,3076338,2219.00,2174.00,4393.00,2174,2219,0.00,0.00,0,0
1523100983,s3,0.00,0.00,0.00,0,0,0.00,0.00,0.00,0,0,0.00,0.00,0,0
1523100983,s1-eth1,1223306.00,27258.00,1250564.00,27258,1223306,413.00,413.00,826.00,413,413,0.00,0.00,0,0
1523100983,s1-eth3,19404.00,882676.00,902080.00,882676,19404,294.00,298.00,592.00,298,294,0.00,0.00,0,0
1523100983,s1-eth2,7854.00,358402.00,366256.00,358402,7854,119.00,121.00,240.00,121,119,0.00,0.00,0,0
1523100983,s4,0.00,0.00,0.00,0,0,0.00,0.00,0.00,0,0,0.00,0.00,0,0
1523100983,s2-eth1,882676.00,19404.00,902080.00,19404,882676,298.00,294.00,592.00,294,298,0.00,0.00,0,0
1523100983,s2-eth3,13860.00,627944.00,641804.00,627944,13860,210.00,212.00,422.00,212,210,0.00,0.00,0,0
1523100983,s2-eth2,5544.00,251770.00,257314.00,251770,5544,84.00,85.00,169.00,85,84,0.00,0.00,0,0
1523100983,s3-eth1,627944.00,13860.00,641804.00,13860,627944,212.00,210.00,422.00,210,212,0.00,0.00,0,0
1523100983,s3-eth3,6930.00,313972.00,320902.00,313972,6930,105.00,106.00,211.00,106,105,0.00,0.00,0,0
1523100983,s3-eth2,6930.00,313972.00,320902.00,313972,6930,105.00,106.00,211.00,106,105,0.00,0.00,0,0
1523100983,eth0,134.00,66.00,200.00,66,134,1.00,1.00,2.00,1,1,0.00,0.00,0,0
1523100983,eth1,0.00,0.00,0.00,0,0,0.00,0.00,0.00,0,0,0.00,0.00,0,0
1523100983,lo,0.00,0.00,0.00,0,0,0.00,0.00,0.00,0,0,0.00,0.00,0,0
1523100983,s1,0.00,0.00,0.00,0,0,0.00,0.00,0.00,0,0,0.00,0.00,0,0
1523100983,s4-eth1,313972.00,6930.00,320902.00,6930,313972,106.00,105.00,211.00,105,106,0.00,0.00,0,0
1523100983,s4-eth2,6930.00,313972.00,320902.00,313972,6930,105.00,106.00,211.00,106,105,0.00,0.00,0,0
1523100983,s2,0.00,0.00,0.00,0,0,0.00,0.00,0.00,0,0,0.00,0.00,0,0
1523100983,total,3115484.00,3130226.00,6245710.00,3130226,3115484,2052.00,2057.00,4109.00,2057,2052,0.00,0.00,0,0
1523100984,s3,0.00,0.00,0.00,0,0,0.00,0.00,0.00,0,0,0.00,0.00,0,0
1523100984,s1-eth1,1223306.00,27258.00,1250564.00,27258,1223306,413.00,413.00,826.00,413,413,0.00,0.00,0,0
1523100984,s1-eth3,19668.00,882676.00,902344.00,882676,19668,298.00,298.00,596.00,298,298,0.00,0.00,0,0
1523100984,s1-eth2,7590.00,337668.00,345258.00,337668,7590,115.00,114.00,229.00,114,115,0.00,0.00,0,0
1523100984,s4,0.00,0.00,0.00,0,0,0.00,0.00,0.00,0,0,0.00,0.00,0,0
1523100984,s2-eth1,882676.00,19668.00,902344.00,19668,882676,298.00,298.00,596.00,298,298,0.00,0.00,0,0
1523100984,s2-eth3,13794.00,619058.00,632852.00,619058,13794,209.00,209.00,418.00,209,209,0.00,0.00,0,0
1523100984,s2-eth2,5940.00,266580.00,272520.00,266580,5940,90.00,90.00,180.00,90,90,0.00,0.00,0,0
1523100984,s3-eth1,619058.00,13794.00,632852.00,13794,619058,209.00,209.00,418.00,209,209,0.00,0.00,0,0
1523100984,s3-eth3,6732.00,302124.00,308856.00,302124,6732,102.00,102.00,204.00,102,102,0.00,0.00,0,0
1523100984,s3-eth2,7062.00,316934.00,323996.00,316934,7062,107.00,107.00,214.00,107,107,0.00,0.00,0,0
1523100984,eth0,134.00,66.00,200.00,66,134,1.00,1.00,2.00,1,1,0.00,0.00,0,0
1523100984,eth1,0.00,0.00,0.00,0,0,0.00,0.00,0.00,0,0,0.00,0.00,0,0
1523100984,lo,0.00,0.00,0.00,0,0,0.00,0.00,0.00,0,0,0.00,0.00,0,0
1523100984,s1,0.00,0.00,0.00,0,0,0.00,0.00,0.00,0,0,0.00,0.00,0,0
1523100984,s4-eth1,302124.00,6732.00,308856.00,6732,302124,102.00,102.00,204.00,102,102,0.00,0.00,0,0
1523100984,s4-eth2,6732.00,302124.00,308856.00,302124,6732,102.00,102.00,204.00,102,102,0.00,0.00,0,0
1523100984,s2,0.00,0.00,0.00,0,0,0.00,0.00,0.00,0,0,0.00,0.00,0,0
1523100984,total,3094816.00,3094682.00,6189498.00,3094682,3094816,2046.00,2045.00,4091.00,2045,2046,0.00,0.00,0,0
1523100985,s3,0.00,0.00,0.00,0,0,0.00,0.00,0.00,0,0,0.00,0.00,0,0
1523100985,s1-eth1,1223306.00,27258.00,1250564.00,27258,1223306,413.00,413.00,826.00,413,413,0.00,0.00,0,0
1523100985,s1-eth3,19206.00,856018.00,875224.00,856018,19206,291.00,289.00,580.00,289,291,0.00,0.00,0,0
1523100985,s1-eth2,8052.00,364326.00,372378.00,364326,8052,122.00,123.00,245.00,123,122,0.00,0.00,0,0
1523100985,s4,0.00,0.00,0.00,0,0,0.00,0.00,0.00,0,0,0.00,0.00,0,0
1523100985,s2-eth1,856018.00,19206.00,875224.00,19206,856018,289.00,291.00,580.00,291,289,0.00,0.00,0,0
1523100985,s2-eth3,13662.00,610172.00,623834.00,610172,13662,207.00,206.00,413.00,206,207,0.00,0.00,0,0
1523100985,s2-eth2,5478.00,245846.00,251324.00,245846,5478,83.00,83.00,166.00,83,83,0.00,0.00,0,0
1523100985,s3-eth1,610172.00,13662.00,623834.00,13662,610172,206.00,207.00,413.00,207,206,0.00,0.00,0,0
1523100985,s3-eth3,7128.00,319896.00,327024.00,319896,7128,108.00,108.00,216.00,108,108,0.00,0.00,0,0
1523100985,s3-eth2,6534.00,290276.00,296810.00,290276,6534,99.00,98.00,197.00,98,99,0.00,0.00,0,0
1523100985,eth0,134.00,66.00,200.00,66,134,1.00,1.00,2.00,1,1,0.00,0.00,0,0
1523100985,eth1,0.00,0.00,0.00,0,0,0.00,0.00,0.00,0,0,0.00,0.00,0,0
1523100985,lo,688.00,688.00,1376.00,688,688,12.00,12.00,24.00,12,12,0.00,0.00,0,0
1523100985,s1,0.00,0.00,0.00,0,0,0.00,0.00,0.00,0,0,0.00,0.00,0,0
1523100985,s4-eth1,319896.00,7128.00,327024.00,7128,319896,108.00,108.00,216.00,108,108,0.00,0.00,0,0
1523100985,s4-eth2,7128.00,319896.00,327024.00,319896,7128,108.00,108.00,216.00,108,108,0.00,0.00,0,0
1523100985,s2,0.00,0.00,0.00,0,0,0.00,0.00,0.00,0,0,0.00,0.00,0,0
1523100985,total,3077402.00,3074438.00,6151840.00,3074438,3077402,2047.00,2047.00,4094.00,2047,2047,0.00,0.00,0,0
1523100986,s3,0.00,0.00,0.00,0,0,0.00,0.00,0.00,0,0,0.00,0.00,0,0
1523100986,s1-eth1,1223306.00,27258.00,1250564.00,27258,1223306,413.00,413.00,826.00,413,413,0.00,0.00,0,0
1523100986,s1-eth3,18876.00,861942.00,880818.00,861942,18876,286.00,291.00,577.00,291,286,0.00,0.00,0,0
1523100986,s1-eth2,8382.00,379136.00,387518.00,379136,8382,127.00,128.00,255.00,128,127,0.00,0.00,0,0
1523100986,s4,0.00,0.00,0.00,0,0,0.00,0.00,0.00,0,0,0.00,0.00,0,0
1523100986,s2-eth1,861942.00,18876.00,880818.00,18876,861942,291.00,286.00,577.00,286,291,0.00,0.00,0,0
1523100986,s2-eth3,12738.00,580552.00,593290.00,580552,12738,193.00,196.00,389.00,196,193,0.00,0.00,0,0
1523100986,s2-eth2,6138.00,281390.00,287528.00,281390,6138,93.00,95.00,188.00,95,93,0.00,0.00,0,0
1523100986,s3-eth1,580552.00,12738.00,593290.00,12738,580552,196.00,193.00,389.00,193,196,0.00,0.00,0,0
1523100986,s3-eth3,6336.00,284352.00,290688.00,284352,6336,96.00,96.00,192.00,96,96,0.00,0.00,0,0
1523100986,s3-eth2,6402.00,296200.00,302602.00,296200,6402,97.00,100.00,197.00,100,97,0.00,0.00,0,0
1523100986,eth0,134.00,66.00,200.00,66,134,1.00,1.00,2.00,1,1,0.00,0.00,0,0
1523100986,eth1,0.00,0.00,0.00,0,0,0.00,0.00,0.00,0,0,0.00,0.00,0,0
1523100986,lo,0.00,0.00,0.00,0,0,0.00,0.00,0.00,0,0,0.00,0.00,0,0
1523100986,s1,0.00,0.00,0.00,0,0,0.00,0.00,0.00,0,0,0.00,0.00,0,0
1523100986,s4-eth1,284352.00,6336.00,290688.00,6336,284352,96.00,96.00,192.00,96,96,0.00,0.00,0,0
1523100986,s4-eth2,6270.00,287314.00,293584.00,287314,6270,95.00,97.00,192.00,97,95,0.00,0.00,0,0
1523100986,s2,0.00,0.00,0.00,0,0,0.00,0.00,0.00,0,0,0.00,0.00,0,0
1523100986,total,3015428.00,3036160.00,6051588.00,3036160,3015428,1984.00,1992.00,3976.00,1992,1984,0.00,0.00,0,0
1523100987,s3,0.00,0.00,0.00,0,0,0.00,0.00,0.00,0,0,0.00,0.00,0,0
1523100987,s1-eth1,1196648.00,26664.00,1223312.00,26664,1196648,404.00,404.00,808.00,404,404,0.00,0.00,0,0
1523100987,s1-eth3,19338.00,903410.00,922748.00,903410,19338,293.00,305.00,598.00,305,293,0.00,0.00,0,0
1523100987,s1-eth2,7326.00,337668.00,344994.00,337668,7326,111.00,114.00,225.00,114,111,0.00,0.00,0,0
1523100987,s4,0.00,0.00,0.00,0,0,0.00,0.00,0.00,0,0,0.00,0.00,0,0
1523100987,s2-eth1,903410.00,19338.00,922748.00,19338,903410,305.00,293.00,598.00,293,305,0.00,0.00,0,0
1523100987,s2-eth3,13992.00,654602.00,668594.00,654602,13992,212.00,221.00,433.00,221,212,0.00,0.00,0,0
1523100987,s2-eth2,5346.00,248808.00,254154.00,248808,5346,81.00,84.00,165.00,84,81,0.00,0.00,0,0
1523100987,s3-eth1,654602.00,13992.00,668594.00,13992,654602,221.00,212.00,433.00,212,221,0.00,0.00,0,0
1523100987,s3-eth3,6930.00,325820.00,332750.00,325820,6930,105.00,110.00,215.00,110,105,0.00,0.00,0,0
1523100987,s3-eth2,7062.00,328782.00,335844.00,328782,7062,107.00,111.00,218.00,111,107,0.00,0.00,0,0
1523100987,eth0,134.00,66.00,200.00,66,134,1.00,1.00,2.00,1,1,0.00,0.00,0,0
1523100987,eth1,0.00,0.00,0.00,0,0,0.00,0.00,0.00,0,0,0.00,0.00,0,0
1523100987,lo,0.00,0.00,0.00,0,0,0.00,0.00,0.00,0,0,0.00,0.00,0,0
1523100987,s1,0.00,0.00,0.00,0,0,0.00,0.00,0.00,0,0,0.00,0.00,0,0
1523100987,s4-eth1,325820.00,6930.00,332750.00,6930,325820,110.00,105.00,215.00,105,110,0.00,0.00,0,0
1523100987,s4-eth2,6996.00,322858.00,329854.00,322858,6996,106.00,109.00,215.00,109,106,0.00,0.00,0,0
1523100987,s2,0.00,0.00,0.00,0,0,0.00,0.00,0.00,0,0,0.00,0.00,0,0
1523100987,total,3147604.00,3188938.00,6336542.00,3188938,3147604,2056.00,2069.00,4125.00,2069,2056,0.00,0.00,0,0
1523100988,s3,0.00,0.00,0.00,0,0,0.00,0.00,0.00,0,0,0.00,0.00,0,0
1523100988,s1-eth1,1223306.00,27258.00,1250564.00,27258,1223306,413.00,413.00,826.00,413,413,0.00,0.00,0,0
1523100988,s1-eth3,19800.00,944878.00,964678.00,944878,19800,300.00,319.00,619.00,319,300,0.00,0.00,0,0
1523100988,s1-eth2,7458.00,349516.00,356974.00,349516,7458,113.00,118.00,231.00,118,113,0.00,0.00,0,0
1523100988,s4,0.00,0.00,0.00,0,0,0.00,0.00,0.00,0,0,0.00,0.00,0,0
1523100988,s2-eth1,944878.00,19800.00,964678.00,19800,944878,319.00,300.00,619.00,300,319,0.00,0.00,0,0
1523100988,s2-eth3,13794.00,657564.00,671358.00,657564,13794,209.00,222.00,431.00,222,209,0.00,0.00,0,0
1523100988,s2-eth2,6006.00,290276.00,296282.00,290276,6006,91.00,98.00,189.00,98,91,0.00,0.00,0,0
1523100988,s3-eth1,657564.00,13794.00,671358.00,13794,657564,222.00,209.00,431.00,209,222,0.00,0.00,0,0
1523100988,s3-eth3,6732.00,319896.00,326628.00,319896,6732,102.00,108.00,210.00,108,102,0.00,0.00,0,0
1523100988,s3-eth2,7062.00,337668.00,344730.00,337668,7062,107.00,114.00,221.00,114,107,0.00,0.00,0,0
1523100988,eth0,134.00,66.00,200.00,66,134,1.00,1.00,2.00,1,1,0.00,0.00,0,0
1523100988,eth1,0.00,0.00,0.00,0,0,0.00,0.00,0.00,0,0,0.00,0.00,0,0
1523100988,lo,0.00,0.00,0.00,0,0,0.00,0.00,0.00,0,0,0.00,0.00,0,0
1523100988,s1,0.00,0.00,0.00,0,0,0.00,0.00,0.00,0,0,0.00,0.00,0,0
1523100988,s4-eth1,319896.00,6732.00,326628.00,6732,319896,108.00,102.00,210.00,102,108,0.00,0.00,0,0
1523100988,s4-eth2,6732.00,319896.00,326628.00,319896,6732,102.00,108.00,210.00,108,102,0.00,0.00,0,0
1523100988,s2,0.00,0.00,0.00,0,0,0.00,0.00,0.00,0,0,0.00,0.00,0,0
1523100988,total,3213362.00,3287344.00,6500706.00,3287344,3213362,2087.00,2112.00,4199.00,2112,2087,0.00,0.00,0,0
1523100989,s3,0.00,0.00,0.00,0,0,0.00,0.00,0.00,0,0,0.00,0.00,0,0
1523100989,s1-eth1,1223306.00,27258.00,1250564.00,27258,1223306,413.00,413.00,826.00,413,413,0.00,0.00,0,0
1523100989,s1-eth3,19338.00,968574.00,987912.00,968574,19338,293.00,327.00,620.00,327,293,0.00,0.00,0,0
1523100989,s1-eth2,7920.00,382098.00,390018.00,382098,7920,120.00,129.00,249.00,129,120,0.00,0.00,0,0
1523100989,s4,0.00,0.00,0.00,0,0,0.00,0.00,0.00,0,0,0.00,0.00,0,0
1523100989,s2-eth1,968574.00,19338.00,987912.00,19338,968574,327.00,293.00,620.00,293,327,0.00,0.00,0,0
1523100989,s2-eth3,12276.00,604248.00,616524.00,604248,12276,186.00,204.00,390.00,204,186,0.00,0.00,0,0
1523100989,s2-eth2,7128.00,358402.00,365530.00,358402,7128,108.00,121.00,229.00,121,108,0.00,0.00,0,0
1523100989,s3-eth1,604248.00,12276.00,616524.00,12276,604248,204.00,186.00,390.00,186,204,0.00,0.00,0,0
1523100989,s3-eth3,5874.00,290276.00,296150.00,290276,5874,89.00,98.00,187.00,98,89,0.00,0.00,0,0
1523100989,s3-eth2,6402.00,313972.00,320374.00,313972,6402,97.00,106.00,203.00,106,97,0.00,0.00,0,0
1523100989,eth0,134.00,241.00,375.00,241,134,1.00,2.00,3.00,2,1,0.00,0.00,0,0
1523100989,eth1,0.00,0.00,0.00,0,0,0.00,0.00,0.00,0,0,0.00,0.00,0,0
1523100989,lo,0.00,0.00,0.00,0,0,0.00,0.00,0.00,0,0,0.00,0.00,0,0
1523100989,s1,0.00,0.00,0.00,0,0,0.00,0.00,0.00,0,0,0.00,0.00,0,0
1523100989,s4-eth1,290276.00,5874.00,296150.00,5874,290276,98.00,89.00,187.00,89,98,0.00,0.00,0,0
1523100989,s4-eth2,5874.00,290276.00,296150.00,290276,5874,89.00,98.00,187.00,98,89,0.00,0.00,0,0
1523100989,s2,0.00,0.00,0.00,0,0,0.00,0.00,0.00,0,0,0.00,0.00,0,0
1523100989,total,3151350.00,3272833.00,6424183.00,3272833,3151350,2025.00,2066.00,4091.00,2066,2025,0.00,0.00,0,0
1523100990,s3,0.00,0.00,0.00,0,0,0.00,0.00,0.00,0,0,0.00,0.00,0,0
1523100990,s1-eth1,1223306.00,28418.00,1251724.00,28418,1223306,413.00,413.00,826.00,413,413,0.00,0.00,0,0
1523100990,s1-eth3,21558.00,1031832.00,1053390.00,1031832,21558,321.00,364.00,685.00,364,321,0.00,0.00,0,0
1523100990,s1-eth2,6860.00,300680.00,307540.00,300680,6860,92.00,124.00,216.00,124,92,0.00,0.00,0,0
1523100990,s4,0.00,0.00,0.00,0,0,0.00,0.00,0.00,0,0,0.00,0.00,0,0
1523100990,s2-eth1,1031832.00,21558.00,1053390.00,21558,1031832,364.00,321.00,685.00,321,364,0.00,0.00,0,0
1523100990,s2-eth3,14124.00,716804.00,730928.00,716804,14124,214.00,242.00,456.00,242,214,0.00,0.00,0,0
1523100990,s2-eth2,7368.00,320952.00,328320.00,320952,7368,106.00,124.00,230.00,124,106,0.00,0.00,0,0
1523100990,s3-eth1,716804.00,14124.00,730928.00,14124,716804,242.00,214.00,456.00,214,242,0.00,0.00,0,0
1523100990,s3-eth3,6930.00,349516.00,356446.00,349516,6930,105.00,118.00,223.00,118,105,0.00,0.00,0,0
1523100990,s3-eth2,7194.00,370250.00,377444.00,370250,7194,109.00,125.00,234.00,125,109,0.00,0.00,0,0
1523100990,eth0,134.00,66.00,200.00,66,134,1.00,1.00,2.00,1,1,0.00,0.00,0,0
1523100990,eth1,0.00,0.00,0.00,0,0,0.00,0.00,0.00,0,0,0.00,0.00,0,0
1523100990,lo,688.00,688.00,1376.00,688,688,12.00,12.00,24.00,12,12,0.00,0.00,0,0
1523100990,s1,0.00,0.00,0.00,0,0,0.00,0.00,0.00,0,0,0.00,0.00,0,0
1523100990,s4-eth1,349516.00,6930.00,356446.00,6930,349516,118.00,105.00,223.00,105,118,0.00,0.00,0,0
1523100990,s4-eth2,6930.00,352478.00,359408.00,352478,6930,105.00,119.00,224.00,119,105,0.00,0.00,0,0
1523100990,s2,0.00,0.00,0.00,0,0,0.00,0.00,0.00,0,0,0.00,0.00,0,0
1523100990,total,3393244.00,3514296.00,6907540.00,3514296,3393244,2202.00,2282.00,4484.00,2282,2202,0.00,0.00,0,0
1523100991,s3,0.00,0.00,0.00,0,0,0.00,0.00,0.00,0,0,0.00,0.00,0,0
1523100991,s1-eth1,1234134.00,54330.00,1288464.00,54330,1234134,599.00,599.00,1198.00,599,599,0.00,0.00,0,0
1523100991,s1-eth3,45024.00,977966.00,1022990.00,977966,45024,500.00,579.00,1079.00,579,500,0.00,0.00,0,0
1523100991,s1-eth2,9212.00,312536.00,321748.00,312536,9212,98.00,172.00,270.00,172,98,0.00,0.00,0,0
1523100991,s4,0.00,0.00,0.00,0,0,0.00,0.00,0.00,0,0,0.00,0.00,0,0
1523100991,s2-eth1,977966.00,45024.00,1022990.00,45024,977966,579.00,500.00,1079.00,500,579,0.00,0.00,0,0
1523100991,s2-eth3,32870.00,710714.00,743584.00,710714,32870,363.00,413.00,776.00,413,363,0.00,0.00,0,0
1523100991,s2-eth2,12126.00,261328.00,273454.00,261328,12126,137.00,164.00,301.00,164,137,0.00,0.00,0,0
1523100991,s3-eth1,710714.00,32870.00,743584.00,32870,710714,413.00,363.00,776.00,363,413,0.00,0.00,0,0
1523100991,s3-eth3,15544.00,359074.00,374618.00,359074,15544,174.00,197.00,371.00,197,174,0.00,0.00,0,0
1523100991,s3-eth2,17232.00,348678.00,365910.00,348678,17232,188.00,215.00,403.00,215,188,0.00,0.00,0,0
1523100991,eth0,134.00,66.00,200.00,66,134,1.00,1.00,2.00,1,1,0.00,0.00,0,0
1523100991,eth1,0.00,0.00,0.00,0,0,0.00,0.00,0.00,0,0,0.00,0.00,0,0
1523100991,lo,0.00,0.00,0.00,0,0,0.00,0.00,0.00,0,0,0.00,0.00,0,0
1523100991,s1,0.00,0.00,0.00,0,0,0.00,0.00,0.00,0,0,0.00,0.00,0,0
1523100991,s4-eth1,359074.00,15544.00,374618.00,15544,359074,197.00,174.00,371.00,174,197,0.00,0.00,0,0
1523100991,s4-eth2,15544.00,356112.00,371656.00,356112,15544,174.00,196.00,370.00,196,174,0.00,0.00,0,0
1523100991,s2,0.00,0.00,0.00,0,0,0.00,0.00,0.00,0,0,0.00,0.00,0,0
1523100991,total,3429574.00,3474242.00,6903816.00,3474242,3429574,3423.00,3573.00,6996.00,3573,3423,0.00,0.00,0,0
1523100992,s3,0.00,0.00,0.00,0,0,0.00,0.00,0.00,0,0,0.00,0.00,0,0
1523100992,s1-eth1,1248254.00,69444.00,1317698.00,69444,1248254,791.00,780.00,1571.00,780,791,0.00,0.00,0,0
1523100992,s1-eth3,49408.00,858038.00,907446.00,858038,49408,560.00,539.00,1099.00,539,560,0.00,0.00,0,0
1523100992,s1-eth2,20130.00,427076.00,447206.00,427076,20130,221.00,262.00,483.00,262,221,0.00,0.00,0,0
1523100992,s4,0.00,0.00,0.00,0,0,0.00,0.00,0.00,0,0,0.00,0.00,0,0
1523100992,s2-eth1,858038.00,49408.00,907446.00,49408,858038,539.00,560.00,1099.00,560,539,0.00,0.00,0,0
1523100992,s2-eth3,35414.00,616524.00,651938.00,616524,35414,399.00,390.00,789.00,390,399,0.00,0.00,0,0
1523100992,s2-eth2,14088.00,241514.00,255602.00,241514,14088,162.00,149.00,311.00,149,162,0.00,0.00,0,0
1523100992,s3-eth1,616524.00,35414.00,651938.00,35414,616524,390.00,399.00,789.00,399,390,0.00,0.00,0,0
1523100992,s3-eth3,16238.00,297070.00,313308.00,297070,16238,187.00,179.00,366.00,179,187,0.00,0.00,0,0
1523100992,s3-eth2,19270.00,319454.00,338724.00,319454,19270,213.00,211.00,424.00,211,213,0.00,0.00,0,0
1523100992,eth0,134.00,66.00,200.00,66,134,1.00,1.00,2.00,1,1,0.00,0.00,0,0
1523100992,eth1,0.00,0.00,0.00,0,0,0.00,0.00,0.00,0,0,0.00,0.00,0,0
1523100992,lo,0.00,0.00,0.00,0,0,0.00,0.00,0.00,0,0,0.00,0.00,0,0
1523100992,s1,0.00,0.00,0.00,0,0,0.00,0.00,0.00,0,0,0.00,0.00,0,0
1523100992,s4-eth1,297070.00,16238.00,313308.00,16238,297070,179.00,187.00,366.00,187,179,0.00,0.00,0,0
1523100992,s4-eth2,16238.00,297070.00,313308.00,297070,16238,187.00,179.00,366.00,179,187,0.00,0.00,0,0
1523100992,s2,0.00,0.00,0.00,0,0,0.00,0.00,0.00,0,0,0.00,0.00,0,0
1523100992,total,3190806.00,3227316.00,6418122.00,3227316,3190806,3829.00,3836.00,7665.00,3836,3829,0.00,0.00,0,0
1523100993,s3,0.00,0.00,0.00,0,0,0.00,0.00,0.00,0,0,0.00,0.00,0,0
1523100993,s1-eth1,1225752.00,28230.00,1253982.00,28230,1225752,472.00,427.00,899.00,427,472,0.00,0.00,0,0
1523100993,s1-eth3,19320.00,845816.00,865136.00,845816,19320,292.00,288.00,580.00,288,292,0.00,0.00,0,0
1523100993,s1-eth2,8910.00,402832.00,411742.00,402832,8910,135.00,136.00,271.00,136,135,0.00,0.00,0,0
1523100993,s4,0.00,0.00,0.00,0,0,0.00,0.00,0.00,0,0,0.00,0.00,0,0
1523100993,s2-eth1,845816.00,19320.00,865136.00,19320,845816,288.00,292.00,580.00,292,288,0.00,0.00,0,0
1523100993,s2-eth3,14964.00,653286.00,668250.00,653286,14964,226.00,223.00,449.00,223,226,0.00,0.00,0,0
1523100993,s2-eth2,4290.00,192530.00,196820.00,192530,4290,65.00,65.00,130.00,65,65,0.00,0.00,0,0
1523100993,s3-eth1,653286.00,14964.00,668250.00,14964,653286,223.00,226.00,449.00,226,223,0.00,0.00,0,0
1523100993,s3-eth3,7260.00,331744.00,339004.00,331744,7260,110.00,112.00,222.00,112,110,0.00,0.00,0,0
1523100993,s3-eth2,7704.00,321542.00,329246.00,321542,7704,116.00,111.00,227.00,111,116,0.00,0.00,0,0
1523100993,eth0,102.00,66.00,168.00,66,102,1.00,1.00,2.00,1,1,0.00,0.00,0,0
1523100993,eth1,0.00,0.00,0.00,0,0,0.00,0.00,0.00,0,0,0.00,0.00,0,0
1523100993,lo,0.00,0.00,0.00,0,0,0.00,0.00,0.00,0,0,0.00,0.00,0,0
1523100993,s1,0.00,0.00,0.00,0,0,0.00,0.00,0.00,0,0,0.00,0.00,0,0
1523100993,s4-eth1,331744.00,7260.00,339004.00,7260,331744,112.00,110.00,222.00,110,112,0.00,0.00,0,0
1523100993,s4-eth2,7260.00,331744.00,339004.00,331744,7260,110.00,112.00,222.00,112,110,0.00,0.00,0,0
1523100993,s2,0.00,0.00,0.00,0,0,0.00,0.00,0.00,0,0,0.00,0.00,0,0
1523100993,total,3126408.00,3149334.00,6275742.00,3149334,3126408,2150.00,2103.00,4253.00,2103,2150,0.00,0.00,0,0
1523100994,eth0,2600.00,1584.00,4184.00,1584,2600,24.00,24.00