1523088778,s1-eth1,0.00,0.00,0.00,0,0,0.00,0.00,0.00,0,0,0.00,0.00,0,0
1523088778,s3,0.00,0.00,0.00,0,0,0.00,0.00,0.00,0,0,0.00,0.00,0,0
1523088778,s1-eth2,0.00,0.00,0.00,0,0,0.00,0.00,0.00,0,0,0.00,0.00,0,0
1523088778,s2-eth1,0.00,0.00,0.00,0,0,0.00,0.00,0.00,0,0,0.00,0.00,0,0
1523088778,s2-eth2,0.00,0.00,0.00,0,0,0.00,0.00,0.00,0,0,0.00,0.00,0,0
1523088778,eth0,0.00,0.00,0.00,0,0,0.00,0.00,0.00,0,0,0.00,0.00,0,0
1523088778,eth1,0.00,0.00,0.00,0,0,0.00,0.00,0.00,0,0,0.00,0.00,0,0
1523088778,lo,0.00,0.00,0.00,0,0,0.00,0.00,0.00,0,0,0.00,0.00,0,0
1523088778,s1,0.00,0.00,0.00,0,0,0.00,0.00,0.00,0,0,0.00,0.00,0,0
1523088778,s2,0.00,0.00,0.00,0,0,0.00,0.00,0.00,0,0,0.00,0.00,0,0
1523088778,total,0.00,0.00,0.00,0,0,0.00,0.00,0.00,0,0,0.00,0.00,0,0
1523088779,s1-eth1,5847276.00,69918.00,5917194.00,69918,5847276,1100.00,1059.00,2159.00,1059,1100,0.00,0.00,0,0
1523088779,s3,0.00,0.00,0.00,0,0,0.00,0.00,0.00,0,0,0.00,0.00,0,0
1523088779,s1-eth2,69984.00,5841418.00,5911402.00,5841418,69984,1060.00,1099.00,2159.00,1099,1060,0.00,0.00,0,0
1523088779,s2-eth1,5841418.00,69984.00,5911402.00,69984,5841418,1099.00,1060.00,2159.00,1060,1099,0.00,0.00,0,0
1523088779,s2-eth2,69984.00,5853134.00,5923118.00,5853134,69984,1060.00,1101.00,2161.00,1101,1060,0.00,0.00,0,0
1523088779,eth0,0.00,0.00,0.00,0,0,0.00,0.00,0.00,0,0,0.00,0.00,0,0
1523088779,eth1,0.00,0.00,0.00,0,0,0.00,0.00,0.00,0,0,0.00,0.00,0,0
1523088779,lo,3072.00,3072.00,6144.00,3072,3072,37.00,37.00,74.00,37,37,0.00,0.00,0,0
1523088779,s1,0.00,340.00,340.00,340,0,0.00,4.00,4.00,4,0,0.00,0.00,0,0
1523088779,s2,0.00,340.00,340.00,340,0,0.00,4.00,4.00,4,0,0.00,0.00,0,0
1523088779,total,11831734.00,11838206.00,23669940.00,11838206,11831734,4356.00,4364.00,8720.00,4364,4356,0.00,0.00,0,0
1523088780,s1-eth1,5080148.00,57420.00,5137568.00,57420,5080148,930.00,870.00,1800.00,870,930,0.00,0.00,0,0
1523088780,s3,0.00,0.00,0.00,0,0,0.00,0.00,0.00,0,0,0.00,0.00,0,0
1523088780,s1-eth2,57354.00,5086270.00,5143624.00,5086270,57354,869.00,935.00,1804.00,935,869,0.00,0.00,0,0
1523088780,s2-eth1,5086270.00,57354.00,5143624.00,57354,5086270,935.00,869.00,1804.00,869,935,0.00,0.00,0,0
1523088780,s2-eth2,57222.00,5085086.00,5142308.00,5085086,57222,867.00,939.00,1806.00,939,867,0.00,0.00,0,0
1523088780,eth0,0.00,0.00,0.00,0,0,0.00,0.00,0.00,0,0,0.00,0.00,0,0
1523088780,eth1,0.00,0.00,0.00,0,0,0.00,0.00,0.00,0,0,0.00,0.00,0,0
1523088780,lo,0.00,0.00,0.00,0,0,0.00,0.00,0.00,0,0,0.00,0.00,0,0
1523088780,s1,0.00,0.00,0.00,0,0,0.00,0.00,0.00,0,0,0.00,0.00,0,0
1523088780,s2,0.00,0.00,0.00,0,0,0.00,0.00,0.00,0,0,0.00,0.00,0,0
1523088780,total,10280994.00,10286130.00,20567124.00,10286130,10280994,3601.00,3613.00,7214.00,3613,3601,0.00,0.00,0,0
1523088781,s1-eth1,5158569.50,94483.52,5253053.00,94578,5163728,1602.40,1431.57,3033.97,1433,1604,0.00,0.00,0,0
1523088781,s3,0.00,0.00,0.00,0,0,0.00,0.00,0.00,0,0,0.00,0.00,0,0
1523088781,s1-eth2,93824.18,5162056.00,5255880.50,5167218,93918,1421.58,1611.39,3032.97,1613,1423,0.00,0.00,0,0
1523088781,s2-eth1,5162056.00,93824.18,5255880.50,93918,5167218,1611.39,1421.58,3032.97,1423,1613,0.00,0.00,0,0
1523088781,s2-eth2,93230.77,5161137.00,5254368.00,5166298,93324,1412.59,1619.38,3031.97,1621,1414,0.00,0.00,0,0
1523088781,eth0,0.00,0.00,0.00,0,0,0.00,0.00,0.00,0,0,0.00,0.00,0,0
1523088781,eth1,0.00,0.00,0.00,0,0,0.00,0.00,0.00,0,0,0.00,0.00,0,0
1523088781,lo,0.00,0.00,0.00,0,0,0.00,0.00,0.00,0,0,0.00,0.00,0,0
1523088781,s1,0.00,0.00,0.00,0,0,0.00,0.00,0.00,0,0,0.00,0.00,0,0
1523088781,s2,0.00,0.00,0.00,0,0,0.00,0.00,0.00,0,0,0.00,0.00,0,0
1523088781,total,10518188.00,10522012.00,21040200.00,10522012,10518188,6054.00,6090.00,12144.00,6090,6054,0.00,0.00,0,0
1523088782,s1-eth1,2475078.50,47193.64,2522272.00,47524,2492404,724.93,715.00,1439.92,720,730,0.00,0.00,0,0
1523088782,s3,0.00,0.00,0.00,0,0,0.00,0.00,0.00,0,0,0.00,0.00,0,0
1523088782,s1-eth2,47783.52,2455992.00,2503775.50,2473184,48118,723.93,718.97,1442.90,724,729,0.00,0.00,0,0
1523088782,s2-eth1,2455992.00,47783.52,2503775.50,48118,2473184,718.97,723.93,1442.90,729,724,0.00,0.00,0,0
1523088782,s2-eth2,48373.39,2473444.00,2521817.25,2490758,48712,732.87,721.95,1454.82,727,738,0.00,0.00,0,0
1523088782,eth0,0.00,0.00,0.00,0,0,0.00,0.00,0.00,0,0,0.00,0.00,0,0
1523088782,eth1,0.00,0.00,0.00,0,0,0.00,0.00,0.00,0,0,0.00,0.00,0,0
1523088782,lo,529.64,529.64,1059.29,536,536,5.93,5.93,11.86,6,6,0.00,0.00,0,0
1523088782,s1,0.00,69.17,69.17,70,0,0.00,0.99,0.99,1,0,0.00,0.00,0,0
1523088782,s2,0.00,69.17,69.17,70,0,0.00,0.99,0.99,1,0,0.00,0.00,0,0
1523088782,total,5002919.00,5000257.00,10003176.00,5060260,5062954,2892.29,2873.52,5765.81,2908,2927,0.00,0.00,0,0
1523088783,s1-eth1,4540099.50,86226.87,4626326.50,86658,4562800,1530.35,1306.47,2836.82,1313,1538,0.00,0.00,0,0
1523088783,s3,0.00,0.00,0.00,0,0,0.00,0.00,0.00,0,0,0.00,0.00,0,0
1523088783,s1-eth2,86226.87,4547435.00,4633661.50,4570172,86658,1306.47,1532.34,2838.81,1540,1313,0.00,0.00,0,0
1523088783,s2-eth1,4547435.00,86226.87,4633661.50,86658,4570172,1532.34,1306.47,2838.81,1313,1540,0.00,0.00,0,0
1523088783,s2-eth2,85767.16,4547632.00,4633399.00,4570370,86196,1299.50,1535.32,2834.83,1543,1306,0.00,0.00,0,0
1523088783,eth0,0.00,0.00,0.00,0,0,0.00,0.00,0.00,0,0,0.00,0.00,0,0
1523088783,eth1,0.00,0.00,0.00,0,0,0.00,0.00,0.00,0,0,0.00,0.00,0,0
1523088783,lo,535.46,535.46,1070.93,536,536,5.99,5.99,11.99,6,6,0.00,0.00,0,0
1523088783,s1,0.00,69.93,69.93,70,0,0.00,1.00,1.00,1,0,0.00,0.00,0,0
1523088783,s2,0.00,69.93,69.93,70,0,0.00,1.00,1.00,1,0,0.00,0.00,0,0
1523088783,total,9297065.00,9305229.00,18602294.00,9314534,9306362,5697.30,5711.29,11408.59,5717,5703,0.00,0.00,0,0
1523088784,s1-eth1,5778914.00,100254.00,5879168.00,100254,5778914,1513.00,1519.00,3032.00,1519,1513,0.00,0.00,0,0
1523088784,s3,0.00,0.00,0.00,0,0,0.00,0.00,0.00,0,0,0.00,0.00,0,0
1523088784,s1-eth2,100188.00,5787272.00,5887460.00,5787272,100188,1518.00,1508.00,3026.00,1508,1518,0.00,0.00,0,0
1523088784,s2-eth1,5787272.00,100188.00,5887460.00,100188,5787272,1508.00,1518.00,3026.00,1518,1508,0.00,0.00,0,0
1523088784,s2-eth2,100518.00,5788060.00,5888578.00,5788060,100518,1523.00,1498.00,3021.00,1498,1523,0.00,0.00,0,0
1523088784,eth0,0.00,0.00,0.00,0,0,0.00,0.00,0.00,0,0,0.00,0.00,0,0
1523088784,eth1,0.00,0.00,0.00,0,0,0.00,0.00,0.00,0,0,0.00,0.00,0,0
1523088784,lo,224.00,224.00,448.00,224,224,4.00,4.00,8.00,4,4,0.00,0.00,0,0
1523088784,s1,0.00,0.00,0.00,0,0,0.00,0.00,0.00,0,0,0.00,0.00,0,0
1523088784,s2,0.00,0.00,0.00,0,0,0.00,0.00,0.00,0,0,0.00,0.00,0,0
1523088784,total,11767116.00,11775998.00,23543114.00,11775998,11767116,6066.00,6047.00,12113.00,6047,6066,0.00,0.00,0,0
1523088785,s1-eth1,5830470.00,80454.00,5910924.00,80454,5830470,1263.00,1219.00,2482.00,1219,1263,0.00,0.00,0,0
1523088785,s3,0.00,0.00,0.00,0,0,0.00,0.00,0.00,0,0,0.00,0.00,0,0
1523088785,s1-eth2,80454.00,5834880.00,5915334.00,5834880,80454,1219.00,1264.00,2483.00,1264,1219,0.00,0.00,0,0
1523088785,s2-eth1,5834880.00,80454.00,5915334.00,80454,5834880,1264.00,1219.00,2483.00,1219,1264,0.00,0.00,0,0
1523088785,s2-eth2,80454.00,5830470.00,5910924.00,5830470,80454,1219.00,1263.00,2482.00,1263,1219,0.00,0.00,0,0
1523088785,eth0,0.00,0.00,0.00,0,0,0.00,0.00,0.00,0,0,0.00,0.00,0,0
1523088785,eth1,0.00,0.00,0.00,0,0,0.00,0.00,0.00,0,0,0.00,0.00,0,0
1523088785,lo,0.00,0.00,0.00,0,0,0.00,0.00,0.00,0,0,0.00,0.00,0,0
1523088785,s1,0.00,0.00,0.00,0,0,0.00,0.00,0.00,0,0,0.00,0.00,0,0
1523088785,s2,0.00,0.00,0.00,0,0,0.00,0.00,0.00,0,0,0.00,0.00,0,0
1523088785,total,11826258.00,11826258.00,23652516.00,11826258,11826258,4965.00,4965.00,9930.00,4965,4965,0.00,0.00,0,0
1523088786,s1-eth1,5703776.00,78280.00,5782056.00,78280,5703776,1296.00,1186.00,2482.00,1186,1296,0.00,0.00,0,0
1523088786,s3,0.00,0.00,0.00,0,0,0.00,0.00,0.00,0,0,0.00,0.00,0,0
1523088786,s1-eth2,78214.00,5694956.00,5773170.00,5694956,78214,1185.00,1294.00,2479.00,1294,1185,0.00,0.00,0,0
1523088786,s2-eth1,5694956.00,78214.00,5773170.00,78214,5694956,1294.00,1185.00,2479.00,1185,1294,0.00,0.00,0,0
1523088786,s2-eth2,78280.00,5699366.00,5777646.00,5699366,78280,1186.00,1295.00,2481.00,1295,1186,0.00,0.00,0,0
1523088786,eth0,0.00,0.00,0.00,0,0,0.00,0.00,0.00,0,0,0.00,0.00,0,0
1523088786,eth1,0.00,0.00,0.00,0,0,0.00,0.00,0.00,0,0,0.00,0.00,0,0
1523088786,lo,536.00,536.00,1072.00,536,536,6.00,6.00,12.00,6,6,0.00,0.00,0,0
1523088786,s1,0.00,70.00,70.00,70,0,0.00,1.00,1.00,1,0,0.00,0.00,0,0
1523088786,s2,0.00,70.00,70.00,70,0,0.00,1.00,1.00,1,0,0.00,0.00,0,0
1523088786,total,11555762.00,11551492.00,23107254.00,11551492,11555762,4967.00,4968.00,9935.00,4968,4967,0.00,0.00,0,0
1523088787,s1-eth1,4701862.00,74910.00,4776772.00,74910,4701862,1473.00,1135.00,2608.00,1135,1473,0.00,0.00,0,0
1523088787,s3,0.00,0.00,0.00,0,0,0.00,0.00,0.00,0,0,0.00,0.00,0,0
1523088787,s1-eth2,74580.00,4700876.00,4775456.00,4700876,74580,1130.00,1480.00,2610.00,1480,1130,0.00,0.00,0,0
1523088787,s2-eth1,4700876.00,74580.00,4775456.00,74580,4700876,1480.00,1130.00,2610.00,1130,1480,0.00,0.00,0,0
1523088787,s2-eth2,74052.00,4703050.00,4777102.00,4703050,74052,1122.00,1491.00,2613.00,1491,1122,0.00,0.00,0,0
1523088787,eth0,0.00,0.00,0.00,0,0,0.00,0.00,0.00,0,0,0.00,0.00,0,0
1523088787,eth1,0.00,0.00,0.00,0,0,0.00,0.00,0.00,0,0,0.00,0.00,0,0
1523088787,lo,536.00,536.00,1072.00,536,536,6.00,6.00,12.00,6,6,0.00,0.00,0,0
1523088787,s1,0.00,70.00,70.00,70,0,0.00,1.00,1.00,1,0,0.00,0.00,0,0
1523088787,s2,0.00,70.00,70.00,70,0,0.00,1.00,1.00,1,0,0.00,0.00,0,0
1523088787,total,9551906.00,9554092.00,19105998.00,9554092,9551906,5211.00,5244.00,10455.00,5244,5211,0.00,0.00,0,0
1523088788,s1-eth1,5833372.00,109824.00,5943196.00,109824,5833372,1658.00,1664.00,3322.00,1664,1658,0.00,0.00,0,0
1523088788,s3,0.00,0.00,0.00,0,0,0.00,0.00,0.00,0,0,0.00,0.00,0,0
1523088788,s1-eth2,110220.00,5838768.00,5948988.00,5838768,110220,1670.00,1652.00,3322.00,1652,1670,0.00,0.00,0,0
1523088788,s2-eth1,5838768.00,110220.00,5948988.00,110220,5838768,1652.00,1670.00,3322.00,1670,1652,0.00,0.00,0,0
1523088788,s2-eth2,110682.00,5841004.00,5951686.00,5841004,110682,1677.00,1642.00,3319.00,1642,1677,0.00,0.00,0,0
1523088788,eth0,0.00,0.00,0.00,0,0,0.00,0.00,0.00,0,0,0.00,0.00,0,0
1523088788,eth1,0.00,0.00,0.00,0,0,0.00,0.00,0.00,0,0,0.00,0.00,0,0
1523088788,lo,0.00,0.00,0.00,0,0,0.00,0.00,0.00,0,0,0.00,0.00,0,0
1523088788,s1,0.00,0.00,0.00,0,0,0.00,0.00,0.00,0,0,0.00,0.00,0,0
1523088788,s2,0.00,0.00,0.00,0,0,0.00,0.00,0.00,0,0,0.00,0.00,0,0
1523088788,total,11869304.00,11876064.00,23745368.00,11899816,11893042,6643.71,6614.77,13258.48,6628,6657,0.00,0.00,0,0
1523088789,s1-eth1,5923659.00,76341.32,6000000.00,76494,5935506,1206.59,1156.69,2363.27,1159,1209,0.00,0.00,0,0
1523088789,s3,0.00,0.00,0.00,0,0,0.00,0.00,0.00,0,0,0.00,0.00,0,0
1523088789,s1-eth2,76538.92,5917549.00,5994088.00,5929384,76692,1159.68,1201.60,2361.28,1204,1162,0.00,0.00,0,0
1523088789,s2-eth1,5917549.00,76538.92,5994088.00,76692,5929384,1201.60,1159.68,2361.28,1162,1204,0.00,0.00,0,0
1523088789,s2-eth2,76802.40,5925956.00,6002758.50,5937808,76956,1163.67,1197.60,2361.28,1200,1166,0.00,0.00,0,0
1523088789,eth0,0.00,0.00,0.00,0,0,0.00,0.00,0.00,0,0,0.00,0.00,0,0
1523088789,eth1,0.00,0.00,0.00,0,0,0.00,0.00,0.00,0,0,0.00,0.00,0,0
1523088789,lo,172.00,172.00,344.00,172,172,3.00,3.00,6.00,3,3,0.00,0.00,0,0
1523088789,s1,0.00,0.00,0.00,0,0,0.00,0.00,0.00,0,0,0.00,0.00,0,0
1523088789,s2,0.00,0.00,0.00,0,0,0.00,0.00,0.00,0,0,0.00,0.00,0,0
1523088789,total,12018710.00,12020550.00,24039260.00,12020550,12018710,4744.00,4728.00,9472.00,4728,4744,0.00,0.00,0,0
1523088790,s1-eth1,5971558.00,73788.00,6045346.00,73788,5971558,1119.00,1118.00,2237.00,1118,1119,0.00,0.00,0,0
1523088790,s3,0.00,0.00,0.00,0,0,0.00,0.00,0.00,0,0,0.00,0.00,0,0
1523088790,s1-eth2,73722.00,5971558.00,6045280.00,5971558,73722,1117.00,1119.00,2236.00,1119,1117,0.00,0.00,0,0
1523088790,s2-eth1,5971558.00,73722.00,6045280.00,73722,5971558,1119.00,1117.00,2236.00,1117,1119,0.00,0.00,0,0
1523088790,s2-eth2,73722.00,5971558.00,6045280.00,5971558,73722,1117.00,1119.00,2236.00,1119,1117,0.00,0.00,0,0
1523088790,eth0,0.00,0.00,0.00,0,0,0.00,0.00,0.00,0,0,0.00,0.00,0,0
1523088790,eth1,0.00,0.00,0.00,0,0,0.00,0.00,0.00,0,0,0.00,0.00,0,0
1523088790,lo,0.00,0.00,0.00,0,0,0.00,0.00,0.00,0,0,0.00,0.00,0,0
1523088790,s1,0.00,0.00,0.00,0,0,0.00,0.00,0.00,0,0,0.00,0.00,0,0
1523088790,s2,0.00,0.00,0.00,0,0,0.00,0.00,0.00,0,0,0.00,0.00,0,0
1523088790,total,12090560.00,12090626.00,24181186.00,12090626,12090560,4472.00,4473.00,8945.00,4473,4472,0.00,0.00,0,0
1523088791,s1-eth1,5963444.00,67188.00,6030632.00,67188,5963444,1018.00,1018.00,2036.00,1018,1018,0.00,0.00,0,0
1523088791,s3,0.00,0.00,0.00,0,0,0.00,0.00,0.00,0,0,0.00,0.00,0,0
1523088791,s1-eth2,67254.00,5963444.00,6030698.00,5963444,67254,1019.00,1018.00,2037.00,1018,1019,0.00,0.00,0,0
1523088791,s2-eth1,5963444.00,67254.00,6030698.00,67254,5963444,1018.00,1019.00,2037.00,1019,1018,0.00,0.00,0,0
1523088791,s2-eth2,67188.00,5969302.00,6036490.00,5969302,67188,1018.00,1019.00,2037.00,1019,1018,0.00,0.00,0,0
1523088791,eth0,0.00,0.00,0.00,0,0,0.00,0.00,0.00,0,0,0.00,0.00,0,0
1523088791,eth1,0.00,0.00,0.00,0,0,0.00,0.00,0.00,0,0,0.00,0.00,0,0
1523088791,lo,344.00,344.00,688.00,344,344,6.00,6.00,12.00,6,6,0.00,0.00,0,0
1523088791,s1,0.00,0.00,0.00,0,0,0.00,0.00,0.00,0,0,0.00,0.00,0,0
1523088791,s2,0.00,0.00,0.00,0,0,0.00,0.00,0.00,0,0,0.00,0.00,0,0
1523088791,total,12061674.00,12067532.00,24129206.00,12067532,12061674,4079.00,4080.00,8159.00,4080,4079,0.00,0.00,0,0
1523088792,s1-eth1,5927450.00,70158.00,5997608.00,70158,5927450,1065.00,1063.00,2128.00,1063,1065,0.00,0.00,0,0
1523088792,s3,0.00,0.00,0.00,0,0,0.00,0.00,0.00,0,0,0.00,0.00,0,0
1523088792,s1-eth2,69894.00,5933572.00,6003466.00,5933572,69894,1059.00,1070.00,2129.00,1070,1059,0.00,0.00,0,0
1523088792,s2-eth1,5933572.00,69894.00,6003466.00,69894,5933572,1070.00,1059.00,2129.00,1059,1070,0.00,0.00,0,0
1523088792,s2-eth2,69696.00,5932520.00,6002216.00,5932520,69696,1056.00,1076.00,2132.00,1076,1056,0.00,0.00,0,0
1523088792,eth0,0.00,0.00,0.00,0,0,0.00,0.00,0.00,0,0,0.00,0.00,0,0
1523088792,eth1,0.00,0.00,0.00,0,0,0.00,0.00,0.00,0,0,0.00,0.00,0,0
1523088792,lo,0.00,0.00,0.00,0,0,0.00,0.00,0.00,0,0,0.00,0.00,0,0
1523088792,s1,0.00,0.00,0.00,0,0,0.00,0.00,0.00,0,0,0.00,0.00,0,0
1523088792,s2,0.00,0.00,0.00,0,0,0.00,0.00,0.00,0,0,0.00,0.00,0,0
1523088792,total,12000612.00,12006144.00,24006756.00,12006144,12000612,4250.00,4268.00,8518.00,4268,4250,0.00,0.00,0,0
1523088793,s1-eth1,5921050.00,81576.00,6002626.00,81576,5921050,1341.00,1236.00,2577.00,1236,1341,0.00,0.00,0,0
1523088793,s3,0.00,0.00,0.00,0,0,0.00,0.00,0.00,0,0,0.00,0.00,0,0
1523088793,s1-eth2,81576.00,5921050.00,6002626.00,5921050,81576,1236.00,1341.00,2577.00,1341,1236,0.00,0.00,0,0
1523088793,s2-eth1,5921050.00,81576.00,6002626.00,81576,5921050,1341.00,1236.00,2577.00,1236,1341,0.00,0.00,0,0
1523088793,s2-eth2,81576.00,5925460.00,6007036.00,5925460,81576,1236.00,1342.00,2578.00,1342,1236,0.00,0.00,0,0
1523088793,eth0,0.00,0.00,0.00,0,0,0.00,0.00,0.00,0,0,0.00,0.00,0,0
1523088793,eth1,0.00,0.00,0.00,0,0,0.00,0.00,0.00,0,0,0.00,0.00,0,0
1523088793,lo,0.00,0.00,0.00,0,0,0.00,0.00,0.00,0,0,0.00,0.00,0,0
1523088793,s1,0.00,0.00,0.00,0,0,0.00,0.00,0.00,0,0,0.00,0.00,0,0
1523088793,s2,0.00,0.00,0.00,0,0,0.00,0.00,0.00,0,0,0.00,0.00,0,0
1523088793,total,12005252.00,12009662.00,24014914.00,12009662,12005252,5154.00,5155.00,10309.00,5155,5154,0.00,0.00,0,0
1523088794,s1-eth1,5992642.00,82170.00,6074812.00,82170,5992642,1241.00,1245.00,2486.00,1245,1241,0.00,0.00,0,0
1523088794,s3,0.00,0.00,0.00,0,0,0.00,0.00,0.00,0,0,0.00,0.00,0,0
1523088794,s1-eth2,82434.00,5992378.00,6074812.00,5992378,82434,1249.00,1237.00,2486.00,1237,1249,0.00,0.00,0,0
1523088794,s2-eth1,5992378.00,82434.00,6074812.00,82434,5992378,1237.00,1249.00,2486.00,1249,1237,0.00,0.00,0,0
1523088794,s2-eth2,82632.00,5994878.00,6077510.00,5994878,82632,1252.00,1231.00,2483.00,1231,1252,0.00,0.00,0,0
1523088794,eth0,0.00,0.00,0.00,0,0,0.00,0.00,0.00,0,0,0.00,0.00,0,0
1523088794,eth1,0.00,0.00,0.00,0,0,0.00,0.00,0.00,0,0,0.00,0.00,0,0
1523088794,lo,172.00,172.00,344.00,172,172,3.00,3.00,6.00,3,3,0.00,0.00,0,0
1523088794,s1,0.00,0.00,0.00,0,0,0.00,0.00,0.00,0,0,0.00,0.00,0,0
1523088794,s2,0.00,0.00,0.00,0,0,0.00,0.00,0.00,0,0,0.00,0.00,0,0
1523088794,total,12150258.00,12152032.00,24302290.00,12152032,12150258,4982.00,4965.00,9947.00,4965,4982,0.00,0.00,0,0
1523088795,s1-eth1,5998592.00,67584.00,6066176.00,67584,5998592,1024.00,1024.00,2048.00,1024,1024,0.00,0.00,0,0
1523088795,s3,0.00,0.00,0.00,0,0,0.00,0.00,0.00,0,0,0.00,0.00,0,0
1523088795,s1-eth2,67518.00,5998592.00,6066110.00,5998592,67518,1023.00,1024.00,2047.00,1024,1023,0.00,0.00,0,0
1523088795,s2-eth1,5998592.00,67518.00,6066110.00,67518,5998592,1024.00,1023.00,2047.00,1023,1024,0.00,0.00,0,0
1523088795,s2-eth2,67584.00,5998592.00,6066176.00,5998592,67584,1024.00,1024.00,2048.00,1024,1024,0.00,0.00,0,0
1523088795,eth0,0.00,175.00,175.00,175,0,0.00,1.00,1.00,1,0,0.00,0.00,0,0
1523088795,eth1,0.00,0.00,0.00,0,0,0.00,0.00,0.00,0,0,0.00,0.00,0,0
1523088795,lo,0.00,0.00,0.00,0,0,0.00,0.00,0.00,0,0,0.00,0.00,0,0
1523088795,s1,0.00,0.00,0.00,0,0,0.00,0.00,0.00,0,0,0.00,0.00,0,0
1523088795,s2,0.00,0.00,0.00,0,0,0.00,0.00,0.00,0,0,0.00,0.00,0,0
1523088795,total,12132286.00,12132461.00,24264748.00,12132461,12132286,4095.00,4096.00,8191.00,4096,4095,0.00,0.00,0,0
1523088796,s1-eth1,6016166.00,67716.00,6083882.00,67716,6016166,1027.00,1026.00,2053.00,1026,1027,0.00,0.00,0,0
1523088796,s3,0.00,0.00,0.00,0,0,0.00,0.00,0.00,0,0,0.00,0.00,0,0
1523088796,s1-eth2,67782.00,6016166.00,6083948.00,6016166,67782,1027.00,1027.00,2054.00,1027,1027,0.00,0.00,0,0
1523088796,s2-eth1,6016166.00,67782.00,6083948.00,67782,6016166,1027.00,1027.00,2054.00,1027,1027,0.00,0.00,0,0
1523088796,s2-eth2,67716.00,6016166.00,6083882.00,6016166,67716,1026.00,1027.00,2053.00,1027,1026,0.00,0.00,0,0
1523088796,eth0,0.00,0.00,0.00,0,0,0.00,0.00,0.00,0,0,0.00,0.00,0,0
1523088796,eth1,0.00,0.00,0.00,0,0,0.00,0.00,0.00,0,0,0.00,0.00,0,0
1523088796,lo,344.00,344.00,688.00,344,344,6.00,6.00,12.00,6,6,0.00,0.00,0,0
1523088796,s1,0.00,0.00,0.00,0,0,0.00,0.00,0.00,0,0,0.00,0.00,0,0
1523088796,s2,0.00,0.00,0.00,0,0,0.00,0.00,0.00,0,0,0.00,0.00,0,0
1523088796,total,12168174.00,12168174.00,24336348.00,12168174,12168174,4113.00,4113.00,8226.00,4113,4113,0.00,0.00,0,0
1523088797,s1-eth1,6004450.00,67650.00,6072100.00,67650,6004450,1025.00,1025.00,2050.00,1025,1025,0.00,0.00,0,0
1523088797,s3,0.00,0.00,0.00,0,0,0.00,0.00,0.00,0,0,0.00,0.00,0,0
1523088797,s1-eth2,67650.00,6010308.00,6077958.00,6010308,67650,1025.00,1026.00,2051.00,1026,1025,0.00,0.00,0,0
1523088797,s2-eth1,6010308.00,67650.00,6077958.00,67650,6010308,1026.00,1025.00,2051.00,1025,1026,0.00,0.00,0,0
1523088797,s2-eth2,67716.00,6010308.00,6078024.00,6010308,67716,1026.00,1026.00,2052.00,1026,1026,0.00,0.00,0,0
1523088797,eth0,0.00,0.00,0.00,0,0,0.00,0.00,0.00,0,0,0.00,0.00,0,0
1523088797,eth1,0.00,0.00,0.00,0,0,0.00,0.00,0.00,0,0,0.00,0.00,0,0
1523088797,lo,0.00,0.00,0.00,0,0,0.00,0.00,0.00,0,0,0.00,0.00,0,0
1523088797,s1,0.00,0.00,0.00,0,0,0.00,0.00,0.00,0,0,0.00,0.00,0,0
1523088797,s2,0.00,0.00,0.00,0,0,0.00,0.00,0.00,0,0,0.00,0.00,0,0
1523088797,total,12150124.00,12155916.00,24306040.00,12155916,12150124,4102.00,4102.00,8204.00,4102,4102,0.00,0.00,0,0
1523088798,s1-eth1,6010308.00,67782.00,6078090.00,67782,6010308,1026.00,1027.00,2053.00,1027,1026,0.00,0.00,0,0
1523088798,s3,0.00,0.00,0.00,0,0,0.00,0.00,0.00,0,0,0.00,0.00,0,0
1523088798,s1-eth2,67716.00,6010308.00,6078024.00,6010308,67716,1026.00,1026.00,2052.00,1026,1026,0.00,0.00,0,0
1523088798,s2-eth1,6010308.00,67716.00,6078024.00,67716,6010308,1026.00,1026.00,2052.00,1026,1026,0.00,0.00,0,0
1523088798,s2-eth2,67716.00,6010308.00,6078024.00,6010308,67716,1026.00,1026.00,2052.00,1026,1026,0.00,0.00,0,0
1523088798,eth0,0.00,0.00,0.00,0,0,0.00,0.00,0.00,0,0,0.00,0.00,0,0
1523088798,eth1,0.00,0.00,0.00,0,0,0.00,0.00,0.00,0,0,0.00,0.00,0,0
1523088798,lo,0.00,0.00,0.00,0,0,0.00,0.00,0.00,0,0,0.00,0.00,0,0
1523088798,s1,0.00,0.00,0.00,0,0,0.00,0.00,0.00,0,0,0.00,0.00,0,0
1523088798,s2,0.00,0.00,0.00,0,0,0.00,0.00,0.00,0,0,0.00,0.00,0,0
1523088798,total,12156048.00,12156114.00,24312162.00,12156114,12156048,4104.00,4105.00,8209.00,4105,4104,0.00,0.00,0,0
1523088799,s1-eth1,6010308.00,67716.00,6078024.00,67716,6010308,1026.00,1026.00,2052.00,1026,1026,0.00,0.00,0,0
1523088799,s3,0.00,0.00,0.00,0,0,0.00,0.00,0.00,0,0,0.00,0.00,0,0
1523088799,s1-eth2,67716.00,6010308.00,6078024.00,6010308,67716,1026.00,1026.00,2052.00,1026,1026,0.00,0.00,0,0
1523088799,s2-eth1,6010308.00,67716.00,6078024.00,67716,6010308,1026.00,1026.00,2052.00,1026,1026,0.00,0.00,0,0
1523088799,s2-eth2,67716.00,6010308.00,6078024.00,6010308,67716,1026.00,1026.00,2052.00,1026,1026,0.00,0.00,0,0
1523088799,eth0,0.00,0.00,0.00,0,0,0.00,0.00,0.00,0,0,0.00,0.00,0,0
1523088799,eth1,0.00,0.00,0.00,0,0,0.00,0.00,0.00,0,0,0.00,0.00,0,0
1523088799,lo,172.00,172.00,344.00,172,172,3.00,3.00,6.00,3,3,0.00,0.00,0,0
1523088799,s1,0.00,0.00,0.00,0,0,0.00,0.00,0.00,0,0,0.00,0.00,0,0
1523088799,s2,0.00,0.00,0.00,0,0,0.00,0.00,0.00,0,0,0.00,0.00,0,0
1523088799,total,12156220.00,12156220.00,24312440.00,12156220,12156220,4107.00,4107.00,8214.00,4107,4107,0.00,0.00,0,0
1523088800,s1-eth1,6022024.00,67848.00,6089872.00,67848,6022024,1028.00,1028.00,2056.00,1028,1028,0.00,0.00,0,0
1523088800,s3,0.00,0.00,0.00,0,0,0.00,0.00,0.00,0,0,0.00,0.00,0,0
1523088800,s1-eth2,67848.00,6022024.00,6089872.00,6022024,67848,1028.00,1028.00,2056.00,1028,1028,0.00,0.00,0,0
1523088800,s2-eth1,6022024.00,67848.00,6089872.00,67848,6022024,1028.00,1028.00,2056.00,1028,1028,0.00,0.00,0,0
1523088800,s2-eth2,67848.00,6022024.00,6089872.00,6022024,67848,1028.00,1028.00,2056.00,1028,1028,0.00,0.00,0,0
1523088800,eth0,0.00,0.00,0.00,0,0,0.00,0.00,0.00,0,0,0.00,0.00,0,0
1523088800,eth1,0.00,0.00,0.00,0,0,0.00,0.00,0.00,0,0,0.00,0.00,0,0
1523088800,lo,0.00,0.00,0.00,0,0,0.00,0.00,0.00,0,0,0.00,0.00,0,0
1523088800,s1,0.00,0.00,0.00,0,0,0.00,0.00,0.00,0,0,0.00,0.00,0,0
1523088800,s2,0.00,0.00,0.00,0,0,0.00,0.00,0.00,0,0,0.00,0.00,0,0
1523088800,total,12179744.00,12179744.00,24359488.00,12179744,12179744,4112.00,4112.00,8224.00,4112,4112,0.00,0.00,0,0
1523088801,s1-eth1,5998592.00,67584.00,6066176.00,67584,5998592,1024.00,1024.00,2048.00,1024,1024,0.00,0.00,0,0
1523088801,s3,0.00,0.00,0.00,0,0,0.00,0.00,0.00,0,0,0.00,0.00,0,0
1523088801,s1-eth2,67584.00,5998592.00,6066176.00,5998592,67584,1024.00,1024.00,2048.00,1024,1024,0.00,0.00,0,0
1523088801,s2-eth1,5998592.00,67584.00,6066176.00,67584,5998592,1024.00,1024.00,2048.00,1024,1024,0.00,0.00,0,0
1523088801,s2-eth2,67584.00,5998592.00,6066176.00,5998592,67584,1024.00,1024.00,2048.00,1024,1024,0.00,0.00,0,0
1523088801,eth0,0.00,0.00,0.00,0,0,0.00,0.00,0.00,0,0,0.00,0.00,0,0
1523088801,eth1,0.00,0.00,0.00,0,0,0.00,0.00,0.00,0,0,0.00,0.00,0,0
1523088801,lo,344.00,344.00,688.00,344,344,6.00,6.00,12.00,6,6,0.00,0.00,0,0
1523088801,s1,0.00,0.00,0.00,0,0,0.00,0.00,0.00,0,0,0.00,0.00,0,0
1523088801,s2,0.00,0.00,0.00,0,0,0.00,0.00,0.00,0,0,0.00,0.00,0,0
1523088801,total,12132696.00,12132696.00,24265392.00,12132696,12132696,4102.00,4102.00,8204.00,4102,4102,0.00,0.00,0,0
1523088802,s1-eth1,6027882.00,67848.00,6095730.00,67848,6027882,1029.00,1028.00,2057.00,1028,1029,0.00,0.00,0,0
1523088802,s3,0.00,0.00,0.00,0,0,0.00,0.00,0.00,0,0,0.00,0.00,0,0
1523088802,s1-eth2,67914.00,6027882.00,6095796.00,6027882,67914,1029.00,1029.00,2058.00,1029,1029,0.00,0.00,0,0
1523088802,s2-eth1,6027882.00,67914.00,6095796.00,67914,6027882,1029.00,1029.00,2058.00,1029,1029,0.00,0.00,0,0
1523088802,s2-eth2,67914.00,6027882.00,6095796.00,6027882,67914,1029.00,1029.00,2058.00,1029,1029,0.00,0.00,0,0
1523088802,eth0,0.00,0.00,0.00,0,0,0.00,0.00,0.00,0,0,0.00,0.00,0,0
1523088802,eth1,0.00,0.00,0.00,0,0,0.00,0.00,0.00,0,0,0.00,0.00,0,0
1523088802,lo,0.00,0.00,0.00,0,0,0.00,0.00,0.00,0,0,0.00,0.00,0,0
1523088802,s1,0.00,0.00,0.00,0,0,0.00,0.00,0.00,0,0,0.00,0.00,0,0
1523088802,s2,0.00,0.00,0.00,0,0,0.00,0.00,0.00,0,0,0.00,0.00,0,0
1523088802,total,12191592.00,12191526.00,24383118.00,12191526,12191592,4116.00,4115.00,8231.00,4115,4116,0.00,0.00,0,0
1523088803,s1-eth1,6004450.00,67650.00,6072100.00,67650,6004450,1025.00,1025.00,2050.00,1025,1025,0.00,0.00,0,0
1523088803,s3,0.00,0.00,0.00,0,0,0.00,0.00,0.00,0,0,0.00,0.00,0,0
1523088803,s1-eth2,67650.00,5998592.00,6066242.00,5998592,67650,1025.00,1024.00,2049.00,1024,1025,0.00,0.00,0,0
1523088803,s2-eth1,5998592.00,67650.00,6066242.00,67650,5998592,1024.00,1025.00,2049.00,1025,1024,0.00,0.00,0,0
1523088803,s2-eth2,67650.00,5998592.00,6066242.00,5998592,67650,1025.00,1024.00,2049.00,1024,1025,0.00,0.00,0,0
1523088803,eth0,0.00,0.00,0.00,0,0,0.00,0.00,0.00,0,0,0.00,0.00,0,0
1523088803,eth1,0.00,0.00,0.00,0,0,0.00,0.00,0.00,0,0,0.00,0.00,0,0
1523088803,lo,0.00,0.00,0.00,0,0,0.00,0.00,0.00,0,0,0.00,0.00,0,0
1523088803,s1,0.00,0.00,0.00,0,0,0.00,0.00,0.00,0,0,0.00,0.00,0,0
1523088803,s2,0.00,0.00,0.00,0,0,0.00,0.00,0.00,0,0,0.00,0.00,0,0
1523088803,total,12138342.00,12132484.00,24270826.00,12132484,12138342,4099.00,4098.00,8197.00,4098,4099,0.00,0.00,0,0
1523088804,s1-eth1,6010308.00,67716.00,6078024.00,67716,6010308,1026.00,1026.00,2052.00,1026,1026,0.00,0.00,0,0
1523088804,s3,0.00,0.00,0.00,0,0,0.00,0.00,0.00,0,0,0.00,0.00,0,0
1523088804,s1-eth2,67716.00,6010308.00,6078024.00,6010308,67716,1026.00,1026.00,2052.00,1026,1026,0.00,0.00,0,0
1523088804,s2-eth1,6010308.00,67716.00,6078024.00,67716,6010308,1026.00,1026.00,2052.00,1026,1026,0.00,0.00,0,0
1523088804,s2-eth2,67650.00,6010308.00,6077958.00,6010308,67650,1025.00,1026.00,2051.00,1026,1025,0.00,0.00,0,0
1523088804,eth0,0.00,0.00,0.00,0,0,0.00,0.00,0.00,0,0,0.00,0.00,0,0
1523088804,eth1,0.00,0.00,0.00,0,0,0.00,0.00,0.00,0,0,0.00,0.00,0,0
1523088804,lo,172.00,172.00,344.00,172,172,3.00,3.00,6.00,3,3,0.00,0.00,0,0
1523088804,s1,0.00,0.00,0.00,0,0,0.00,0.00,0.00,0,0,0.00,0.00,0,0
1523088804,s2,0.00,0.00,0.00,0,0,0.00,0.00,0.00,0,0,0.00,0.00,0,0
1523088804,total,12156154.00,12156220.00,24312374.00,12156220,12156154,4106.00,4107.00,8213.00,4107,4106,0.00,0.00,0,0
1523088805,s1-eth1,6025686.00,70620.00,6096306.00,70620,6025686,1259.00,1070.00,2329.00,1070,1259,0.00,0.00,0,0
1523088805,s3,0.00,0.00,0.00,0,0,0.00,0.00,0.00,0,0,0.00,0.00,0,0
1523088805,s1-eth2,70554.00,6026016.00,6096570.00,6026016,70554,1069.00,1264.00,2333.00,1264,1069,0.00,0.00,0,0
1523088805,s2-eth1,6026016.00,70554.00,6096570.00,70554,6026016,1264.00,1069.00,2333.00,1069,1264,0.00,0.00,0,0
1523088805,s2-eth2,70620.00,6026016.00,6096636.00,6026016,70620,1070.00,1264.00,2334.00,1264,1070,0.00,0.00,0,0
1523088805,eth0,0.00,0.00,0.00,0,0,0.00,0.00,0.00,0,0,0.00,0.00,0,0
1523088805,eth1,0.00,0.00,0.00,0,0,0.00,0.00,0.00,0,0,0.00,0.00,0,0
1523088805,lo,0.00,0.00,0.00,0,0,0.00,0.00,0.00,0,0,0.00,0.00,0,0
1523088805,s1,0.00,0.00,0.00,0,0,0.00,0.00,0.00,0,0,0.00,0.00,0,0
1523088805,s2,0.00,0.00,0.00,0,0,0.00,0.00,0.00,0,0,0.00,0.00,0,0
1523088805,total,12192876.00,12193206.00,24386082.00,12193206,12192876,4662.00,4667.00,9329.00,4667,4662,0.00,0.00,0,0
1523088806,s1-eth1,6026198.00,77484.00,6103682.00,77484,6026198,1179.00,1174.00,2353.00,1174,1179,0.00,0.00,0,0
1523088806,s3,0.00,0.00,0.00,0,0,0.00,0.00,0.00,0,0,0.00,0.00,0,0
1523088806,s1-eth2,77484.00,6025868.00,6103352.00,6025868,77484,1174.00,1174.00,2348.00,1174,1174,0.00,0.00,0,0
1523088806,s2-eth1,6025868.00,77484.00,6103352.00,77484,6025868,1174.00,1174.00,2348.00,1174,1174,0.00,0.00,0,0
1523088806,s2-eth2,77484.00,6025868.00,6103352.00,6025868,77484,1174.00,1174.00,2348.00,1174,1174,0.00,0.00,0,0
1523088806,eth0,0.00,0.00,0.00,0,0,0.00,0.00,0.00,0,0,0.00,0.00,0,0
1523088806,eth1,0.00,0.00,0.00,0,0,0.00,0.00,0.00,0,0,0.00,0.00,0,0
1523088806,lo,344.00,344.00,688.00,344,344,6.00,6.00,12.00,6,6,0.00,0.00,0,0
1523088806,s1,0.00,0.00,0.00,0,0,0.00,0.00,0.00,0,0,0.00,0.00,0,0
1523088806,s2,0.00,0.00,0.00,0,0,0.00,0.00,0.00,0,0,0.00,0.00,0,0
1523088806,total,12207378.00,12207048.00,24414426.00,12207048,12207378,4707.00,4702.00,9409.00,4702,4707,0.00,0.00,0,0
1523088807,s1-eth1,6016166.00,67782.00,6083948.00,67782,6016166,1027.00,1027.00,2054.00,1027,1027,0.00,0.00,0,0
1523088807,s3,0.00,0.00,0.00,0,0,0.00,0.00,0.00,0,0,0.00,0.00,0,0
1523088807,s1-eth2,67782.00,6016166.00,6083948.00,6016166,67782,1027.00,1027.00,2054.00,1027,1027,0.00,0.00,0,0
1523088807,s2-eth1,6016166.00,67782.00,6083948.00,67782,6016166,1027.00,1027.00,2054.00,1027,1027,0.00,0.00,0,0
1523088807,s2-eth2,67782.00,6016166.00,6083948.00,6016166,67782,1027.00,1027.00,2054.00,1027,1027,0.00,0.00,0,0
1523088807,eth0,0.00,0.00,0.00,0,0,0.00,0.00,0.00,0,0,0.00,0.00,0,0
1523088807,eth1,0.00,0.00,0.00,0,0,0.00,0.00,0.00,0,0,0.00,0.00,0,0
1523088807,lo,0.00,0.00,0.00,0,0,0.00,0.00,0.00,0,0,0.00,0.00,0,0
1523088807,s1,0.00,0.00,0.00,0,0,0.00,0.00,0.00,0,0,0.00,0.00,0,0
1523088807,s2,0.00,0.00,0.00,0,0,0.00,0.00,0.00,0,0,0.00,0.00,0,0
1523088807,total,12167896.00,12167896.00,24335792.00,12167896,12167896,4108.00,4108.00,8216.00,4108,4108,0.00,0.00,0,0
1523088808,s1-eth1,6004450.00,67584.00,6072034.00,67584,6004450,1025.00,1024.00,2049.00,1024,1025,0.00,0.00,0,0
1523088808,s3,0.00,0.00,0.00,0,0,0.00,0.00,0.00,0,0,0.00,0.00,0,0
1523088808,s1-eth2,67650.00,6004450.00,6072100.00,6004450,67650,1025.00,1025.00,2050.00,1025,1025,0.00,0.00,0,0
1523088808,s2-eth1,6004450.00,67650.00,6072100.00,67650,6004450,1025.00,1025.00,2050.00,1025,1025,0.00,0.00,0,0
1523088808,s2-eth2,67584.00,6004450.00,6072034.00,6004450,67584,1024.00,1025.00,2049.00,1025,1024,0.00,0.00,0,0
1523088808,eth0,0.00,0.00,0.00,0,0,0.00,0.00,0.00,0,0,0.00,0.00,0,0
1523088808,eth1,0.00,0.00,0.00,0,0,0.00,0.00,0.00,0,0,0.00,0.00,0,0
1523088808,lo,0.00,0.00,0.00,0,0,0.00,0.00,0.00,0,0,0.00,0.00,0,0
1523088808,s1,0.00,0.00,0.00,0,0,0.00,0.00,0.00,0,0,0.00,0.00,0,0
1523088808,s2,0.00,0.00,0.00,0,0,0.00,0.00,0.00,0,0,0.00,0.00,0,0
1523088808,total,12144134.00,12144134.00,24288268.00,12144134,12144134,4099.00,4099.00,8198.00,4099,4099,0.00,0.00,0,0
1523088809,s1-eth1,4827646.50,57560.44,4885207.00,57618,4832474,928.07,872.13,1800.20,873,929,0.00,0.00,0,0
1523088809,s3,0.00,0.00,0.00,0,0,0.00,0.00,0.00,0,0,0.00,0.00,0,0
1523088809,s1-eth2,57230.77,4841588.50,4898819.50,4846430,57288,867.13,942.06,1809.19,943,868,0.00,0.00,0,0
1523088809,s2-eth1,4841588.50,57230.77,4898819.50,57288,4846430,942.06,867.13,1809.19,868,943,0.00,0.00,0,0
1523088809,s2-eth2,57032.97,4847704.50,4904737.50,4852552,57090,864.14,947.05,1811.19,948,865,0.00,0.00,0,0
1523088809,eth0,0.00,0.00,0.00,0,0,0.00,0.00,0.00,0,0,0.00,0.00,0,0
1523088809,eth1,0.00,0.00,0.00,0,0,0.00,0.00,0.00,0,0,0.00,0.00,0,0
1523088809,lo,171.83,171.83,343.66,172,172,3.00,3.00,5.99,3,3,0.00,0.00,0,0
1523088809,s1,0.00,0.00,0.00,0,0,0.00,0.00,0.00,0,0,0.00,0.00,0,0
1523088809,s2,0.00,0.00,0.00,0,0,0.00,0.00,0.00,0,0,0.00,0.00,0,0
1523088809,total,9783671.00,9804256.00,19587926.00,9814060,9793454,3604.40,3631.37,7235.76,3635,3608,0.00,0.00,0,0
1523088810,s1-eth1,4399363.00,60173.83,4459536.50,60234,4403762,1211.79,912.09,2123.88,913,1213,0.00,0.00,0,0
1523088810,s3,0.00,0.00,0.00,0,0,0.00,0.00,0.00,0,0,0.00,0.00,0,0
1523088810,s1-eth2,60300.00,4403696.00,4463996.00,4403696,60300,914.00,1212.00,2126.00,1212,914,0.00,0.00,0,0
1523088810,s2-eth1,4403696.00,60300.00,4463996.00,60300,4403696,1212.00,914.00,2126.00,914,1212,0.00,0.00,0,0
1523088810,s2-eth2,55614.00,4391126.00,4446740.00,4391126,55614,843.00,1219.00,2062.00,1219,843,0.00,0.00,0,0
1523088810,eth0,0.00,0.00,0.00,0,0,0.00,0.00,0.00,0,0,0.00,0.00,0,0
1523088810,eth1,0.00,0.00,0.00,0,0,0.00,0.00,0.00,0,0,0.00,0.00,0,0
1523088810,lo,592.00,592.00,1184.00,592,592,6.00,6.00,12.00,6,6,0.00,0.00,0,0
1523088810,s1,0.00,0.00,0.00,0,0,0.00,0.00,0.00,0,0,0.00,0.00,0,0
1523088810,s2,0.00,0.00,0.00,0,0,0.00,0.00,0.00,0,0,0.00,0.00,0,0
1523088810,total,8923964.00,8915948.00,17839912.00,8915948,8923964,4188.00,4264.00,8452.00,4264,4188,0.00,0.00,0,0
1523088811,s1-eth1,4385072.00,89100.00,4474172.00,89100,4385072,1456.00,1350.00,2806.00,1350,1456,0.00,0.00,0,0
1523088811,s3,0.00,0.00,0.00,0,0,0.00,0.00,0.00,0,0,0.00,0.00,0,0
1523088811,s1-eth2,88638.00,4380860.00,4469498.00,4380860,88638,1343.00,1458.00,2801.00,1458,1343,0.00,0.00,0,0
1523088811,s2-eth1,4380860.00,88638.00,4469498.00,88638,4380860,1458.00,1343.00,2801.00,1343,1458,0.00,0.00,0,0
1523088811,s2-eth2,92928.00,4376780.00,4469708.00,4376780,92928,1408.00,1462.00,2870.00,1462,1408,0.00,0.00,0,0
1523088811,eth0,0.00,0.00,0.00,0,0,0.00,0.00,0.00,0,0,0.00,0.00,0,0
1523088811,eth1,0.00,0.00,0.00,0,0,0.00,0.00,0.00,0,0,0.00,0.00,0,0
1523088811,lo,0.00,0.00,0.00,0,0,0.00,0.00,0.00,0,0,0.00,0.00,0,0
1523088811,s1,0.00,0.00,0.00,0,0,0.00,0.00,0.00,0,0,0.00,0.00,0,0
1523088811,s2,0.00,0.00,0.00,0,0,0.00,0.00,0.00,0,0,0.00,0.00,0,0
1523088811,total,8947498.00,8935378.00,17882876.00,8935378,8947498,5665.00,5613.00,11278.00,5613,5665,0.00,0.00,0,0
1523088812,s1-eth1,4321558.00,96228.00,4417786.00,96228,4321558,1459.00,1458.00,2917.00,1458,1459,0.00,0.00,0,0
1523088812,s3,0.00,0.00,0.00,0,0,0.00,0.00,0.00,0,0,0.00,0.00,0,0
1523088812,s1-eth2,96294.00,4330444.00,4426738.00,4330444,96294,1459.00,1462.00,2921.00,1462,1459,0.00,0.00,0,0
1523088812,s2-eth1,4330444.00,96294.00,4426738.00,96294,4330444,1462.00,1459.00,2921.00,1459,1462,0.00,0.00,0,0
1523088812,s2-eth2,96228.00,4333406.00,4429634.00,4333406,96228,1458.00,1463.00,2921.00,1463,1458,0.00,0.00,0,0
1523088812,eth0,0.00,0.00,0.00,0,0,0.00,0.00,0.00,0,0,0.00,0.00,0,0
1523088812,eth1,0.00,0.00,0.00,0,0,0.00,0.00,0.00,0,0,0.00,0.00,0,0
1523088812,lo,0.00,0.00,0.00,0,0,0.00,0.00,0.00,0,0,0.00,0.00,0,0
1523088812,s1,0.00,0.00,0.00,0,0,0.00,0.00,0.00,0,0,0.00,0.00,0,0
1523088812,s2,0.00,0.00,0.00,0,0,0.00,0.00,0.00,0,0,0.00,0.00,0,0
1523088812,total,8844524.00,8856372.00,17700896.00,8856372,8844524,5838.00,5842.00,11680.00,5842,5838,0.00,0.00,0,0
1523088813,s1-eth1,4363026.00,97152.00,4460178.00,97152,4363026,1473.00,1472.00,2945.00,1472,1473,0.00,0.00,0,0
1523088813,s3,0.00,0.00,0.00,0,0,0.00,0.00,0.00,0,0,0.00,0.00,0,0
1523088813,s1-eth2,97086.00,4360064.00,4457150.00,4360064,97086,1471.00,1472.00,2943.00,1472,1471,0.00,0.00,0,0
1523088813,s2-eth1,4360064.00,97086.00,4457150.00,97086,4360064,1472.00,1471.00,2943.00,1471,1472,0.00,0.00,0,0
1523088813,s2-eth2,97152.00,4360064.00,4457216.00,4360064,97152,1472.00,1472.00,2944.00,1472,1472,0.00,0.00,0,0
1523088813,eth0,0.00,0.00,0.00,0,0,0.00,0.00,0.00,0,0,0.00,0.00,0,0
1523088813,eth1,0.00,0.00,0.00,0,0,0.00,0.00,0.00,0,0,0.00,0.00,0,0
1523088813,lo,0.00,0.00,0.00,0,0,0.00,0.00,0.00,0,0,0.00,0.00,0,0
1523088813,s1,0.00,0.00,0.00,0,0,0.00,0.00,0.00,0,0,0.00,0.00,0,0
1523088813,s2,0.00,0.00,0.00,0,0,0.00,0.00,0.00,0,0,0.00,0.00,0,0
1523088813,total,8917328.00,8914366.00,17831694.00,8914366,8917328,5888.00,5887.00,11775.00,5887,5888,0.00,0.00,0,0
1523088814,s1-eth1,4315328.00,95964.00,4411292.00,95964,4315328,1584.00,1454.00,3038.00,1454,1584,0.00,0.00,0,0
1523088814,s3,0.00,0.00,0.00,0,0,0.00,0.00,0.00,0,0,0.00,0.00,0,0
1523088814,s1-eth2,95964.00,4318290.00,4414254.00,4318290,95964,1454.00,1585.00,3039.00,1585,1454,0.00,0.00,0,0
1523088814,s2-eth1,4318290.00,95964.00,4414254.00,95964,4318290,1585.00,1454.00,3039.00,1454,1585,0.00,0.00,0,0
1523088814,s2-eth2,95964.00,4318290.00,4414254.00,4318290,95964,1454.00,1585.00,3039.00,1585,1454,0.00,0.00,0,0
1523088814,eth0,0.00,0.00,0.00,0,0,0.00,0.00,0.00,0,0,0.00,0.00,0,0
1523088814,eth1,0.00,0.00,0.00,0,0,0.00,0.00,0.00,0,0,0.00,0.00,0,0
1523088814,lo,516.00,516.00,1032.00,516,516,9.00,9.00,18.00,9,9,0.00,0.00,0,0
1523088814,s1,0.00,0.00,0.00,0,0,0.00,0.00,0.00,0,0,0.00,0.00,0,0
1523088814,s2,0.00,0.00,0.00,0,0,0.00,0.00,0.00,0,0,0.00,0.00,0,0
1523088814,total,8826062.00,8829024.00,17655086.00,8829024,8826062,6086.00,6087.00,12173.00,6087,6086,0.00,0.00,0,0
1523088815,s1-eth1,4330444.00,96426.00,4426870.00,96426,4330444,1462.00,1461.00,2923.00,1461,1462,0.00,0.00,0,0
1523088815,s3,0.00,0.00,0.00,0,0,0.00,0.00,0.00,0,0,0.00,0.00,0,0
1523088815,s1-eth2,96492.00,4306748.00,4403240.00,4306748,96492,1462.00,1454.00,2916.00,1454,1462,0.00,0.00,0,0
1523088815,s2-eth1,4306748.00,96492.00,4403240.00,96492,4306748,1454.00,1462.00,2916.00,1462,1454,0.00,0.00,0,0
1523088815,s2-eth2,96492.00,4265280.00,4361772.00,4265280,96492,1462.00,1440.00,2902.00,1440,1462,0.00,0.00,0,0
1523088815,eth0,0.00,0.00,0.00,0,0,0.00,0.00,0.00,0,0,0.00,0.00,0,0
1523088815,eth1,0.00,0.00,0.00,0,0,0.00,0.00,0.00,0,0,0.00,0.00,0,0
1523088815,lo,0.00,0.00,0.00,0,0,0.00,0.00,0.00,0,0,0.00,0.00,0,0
1523088815,s1,0.00,0.00,0.00,0,0,0.00,0.00,0.00,0,0,0.00,0.00,0,0
1523088815,s2,0.00,0.00,0.00,0,0,0.00,0.00,0.00,0,0,0.00,0.00,0,0
1523088815,total,8830176.00,8764946.00,17595122.00,8764946,8830176,5840.00,5817.00,11657.00,5817,5840,0.00,0.00,0,0
1523088816,s1-eth1,3607716.00,67254.00,3674970.00,67254,3607716,1218.00,1019.00,2237.00,1019,1218,0.00,0.00,0,0
1523088816,s3,0.00,0.00,0.00,0,0,0.00,0.00,0.00,0,0,0.00,0.00,0,0
1523088816,s1-eth2,68574.00,3607716.00,3676290.00,3607716,68574,1039.00,1218.00,2257.00,1218,1039,0.00,0.00,0,0
1523088816,s2-eth1,3607716.00,68574.00,3676290.00,68574,3607716,1218.00,1039.00,2257.00,1039,1218,0.00,0.00,0,0
1523088816,s2-eth2,69824.18,3593722.50,3663546.50,3597316,69894,1057.94,1212.79,2270.73,1214,1059,0.00,0.00,0,0
1523088816,eth0,0.00,0.00,0.00,0,0,0.00,0.00,0.00,0,0,0.00,0.00,0,0
1523088816,eth1,0.00,0.00,0.00,0,0,0.00,0.00,0.00,0,0,0.00,0.00,0,0
1523088816,lo,0.00,0.00,0.00,0,0,0.00,0.00,0.00,0,0,0.00,0.00,0,0
1523088816,s1,0.00,0.00,0.00,0,0,0.00,0.00,0.00,0,0,0.00,0.00,0,0
1523088816,s2,0.00,0.00,0.00,0,0,0.00,0.00,0.00,0,0,0.00,0.00,0,0
1523088816,total,7346553.50,7333526.50,14680080.00,7340860,7353900,4529.47,4485.51,9014.99,4490,4534,0.00,0.00,0,0
1523088817,s1-eth1,3845620.50,87728.27,3933348.75,87816,3849466,1215.78,1298.70,2514.49,1300,1217,0.00,0.00,0,0
1523088817,s3,0.00,0.00,0.00,0,0,0.00,0.00,0.00,0,0,0.00,0.00,0,0
1523088817,s1-eth2,86343.66,3848579.50,3934923.25,3852428,86430,1277.72,1216.78,2494.51,1218,1279,0.00,0.00,0,0
1523088817,s2-eth1,3848579.50,86343.66,3934923.25,86430,3852428,1216.78,1277.72,2494.51,1279,1218,0.00,0.00,0,0
1523088817,s2-eth2,85110.00,3862828.00,3947938.00,3862828,85110,1259.00,1222.00,2481.00,1222,1259,0.00,0.00,0,0
1523088817,eth0,0.00,0.00,0.00,0,0,0.00,0.00,0.00,0,0,0.00,0.00,0,0
1523088817,eth1,0.00,0.00,0.00,0,0,0.00,0.00,0.00,0,0,0.00,0.00,0,0
1523088817,lo,0.00,0.00,0.00,0,0,0.00,0.00,0.00,0,0,0.00,0.00,0,0
1523088817,s1,0.00,0.00,0.00,0,0,0.00,0.00,0.00,0,0,0.00,0.00,0,0
1523088817,s2,0.00,0.00,0.00,0,0,0.00,0.00,0.00,0,0,0.00,0.00,0,0
1523088817,total,7873434.00,7889502.00,15762936.00,7889502,7873434,4973.00,5019.00,9992.00,5019,4973,0.00,0.00,0,0
1523088818,s1-eth1,4227440.00,73260.00,4300700.00,73260,4227440,1108.00,1110.00,2218.00,1110,1108,0.00,0.00,0,0
1523088818,s3,0.00,0.00,0.00,0,0,0.00,0.00,0.00,0,0,0.00,0.00,0,0
1523088818,s1-eth2,73722.00,4225464.00,4299186.00,4225464,73722,1117.00,1100.00,2217.00,1100,1117,0.00,0.00,0,0
1523088818,s2-eth1,4225464.00,73722.00,4299186.00,73722,4225464,1100.00,1117.00,2217.00,1117,1100,0.00,0.00,0,0
1523088818,s2-eth2,74184.00,4223488.00,4297672.00,4223488,74184,1124.00,1092.00,2216.00,1092,1124,0.00,0.00,0,0
1523088818,eth0,0.00,0.00,0.00,0,0,0.00,0.00,0.00,0,0,0.00,0.00,0,0
1523088818,eth1,0.00,0.00,0.00,0,0,0.00,0.00,0.00,0,0,0.00,0.00,0,0
1523088818,lo,0.00,0.00,0.00,0,0,0.00,0.00,0.00,0,0,0.00,0.00,0,0
1523088818,s1,0.00,0.00,0.00,0,0,0.00,0.00,0.00,0,0,0.00,0.00,0,0
1523088818,s2,0.00,0.00,0.00,0,0,0.00,0.00,0.00,0,0,0.00,0.00,0,0
1523088818,total,8600810.00,8595934.00,17196744.00,8595934,8600810,4449.00,4419.00,8868.00,4419,4449,0.00,0.00,0,0
1523088819,s1-eth1,4333470.00,64680.00,4398150.00,64680,4333470,1091.00,980.00,2071.00,980,1091,0.00,0.00,0,0
1523088819,s3,0.00,0.00,0.00,0,0,0.00,0.00,0.00,0,0,0.00,0.00,0,0
1523088819,s1-eth2,64680.00,4333470.00,4398150.00,4333470,64680,980.00,1091.00,2071.00,1091,980,0.00,0.00,0,0
1523088819,s2-eth1,4333470.00,64680.00,4398150.00,64680,4333470,1091.00,980.00,2071.00,980,1091,0.00,0.00,0,0
1523088819,s2-eth2,64680.00,4333470.00,4398150.00,4333470,64680,980.00,1091.00,2071.00,1091,980,0.00,0.00,0,0
1523088819,eth0,0.00,0.00,0.00,0,0,0.00,0.00,0.00,0,0,0.00,0.00,0,0
1523088819,eth1,0.00,0.00,0.00,0,0,0.00,0.00,0.00,0,0,0.00,0.00,0,0
1523088819,lo,516.00,516.00,1032.00,516,516,9.00,9.00,18.00,9,9,0.00,0.00,0,0
1523088819,s1,0.00,0.00,0.00,0,0,0.00,0.00,0.00,0,0,0.00,0.00,0,0
1523088819,s2,0.00,0.00,0.00,0,0,0.00,0.00,0.00,0,0,0.00,0.00,0,0
1523088819,total,8796816.00,8796816.00,17593632.00,8796816,8796816,4151.00,4151.00,8302.00,4151,4151,0.00,0.00,0,0
1523088820,s1-eth1,4015062.00,77682.00,4092744.00,77682,4015062,1203.00,1177.00,2380.00,1177,1203,0.00,0.00,0,0
1523088820,s3,0.00,0.00,0.00,0,0,0.00,0.00,0.00,0,0,0.00,0.00,0,0
1523088820,s1-eth2,77682.00,4016052.00,4093734.00,4016052,77682,1177.00,1218.00,2395.00,1218,1177,0.00,0.00,0,0
1523088820,s2-eth1,4016052.00,77682.00,4093734.00,77682,4016052,1218.00,1177.00,2395.00,1177,1218,0.00,0.00,0,0
1523088820,s2-eth2,77814.00,4021518.00,4099332.00,4021518,77814,1179.00,1235.00,2414.00,1235,1179,0.00,0.00,0,0
1523088820,eth0,0.00,0.00,0.00,0,0,0.00,0.00,0.00,0,0,0.00,0.00,0,0
1523088820,eth1,0.00,0.00,0.00,0,0,0.00,0.00,0.00,0,0,0.00,0.00,0,0
1523088820,lo,0.00,0.00,0.00,0,0,0.00,0.00,0.00,0,0,0.00,0.00,0,0
1523088820,s1,0.00,0.00,0.00,0,0,0.00,0.00,0.00,0,0,0.00,0.00,0,0
1523088820,s2,0.00,0.00,0.00,0,0,0.00,0.00,0.00,0,0,0.00,0.00,0,0
1523088820,total,8186610.00,8192934.00,16379544.00,8192934,8186610,4777.00,4807.00,9584.00,4807,4777,0.00,0.00,0,0
1523088821,s1-eth1,4021628.00,59598.00,4081226.00,59598,4021628,1478.00,903.00,2381.00,903,1478,0.00,0.00,0,0
1523088821,s3,0.00,0.00,0.00,0,0,0.00,0.00,0.00,0,0,0.00,0.00,0,0
1523088821,s1-eth2,59598.00,4020638.00,4080236.00,4020638,59598,903.00,1463.00,2366.00,1463,903,0.00,0.00,0,0
1523088821,s2-eth1,4020638.00,59598.00,4080236.00,59598,4020638,1463.00,903.00,2366.00,903,1463,0.00,0.00,0,0
1523088821,s2-eth2,59466.00,4041632.00,4101098.00,4041632,59466,901.00,1452.00,2353.00,1452,901,0.00,0.00,0,0
1523088821,eth0,0.00,0.00,0.00,0,0,0.00,0.00,0.00,0,0,0.00,0.00,0,0
1523088821,eth1,0.00,0.00,0.00,0,0,0.00,0.00,0.00,0,0,0.00,0.00,0,0
1523088821,lo,0.00,0.00,0.00,0,0,0.00,0.00,0.00,0,0,0.00,0.00,0,0
1523088821,s1,0.00,0.00,0.00,0,0,0.00,0.00,0.00,0,0,0.00,0.00,0,0
1523088821,s2,0.00,0.00,0.00,0,0,0.00,0.00,0.00,0,0,0.00,0.00,0,0
1523088821,total,8161330.00,8181466.00,16342796.00,8181466,8161330,4745.00,4721.00,9466.00,4721,4745,0.00,0.00,0,0
1523088822,s1-eth1,3573612.00,76230.00,3649842.00,76230,3573612,1162.00,1155.00,2317.00,1155,1162,0.00,0.00,0,0
1523088822,s3,0.00,0.00,0.00,0,0,0.00,0.00,0.00,0,0,0.00,0.00,0,0
1523088822,s1-eth2,75834.00,3575588.00,3651422.00,3575588,75834,1149.00,1170.00,2319.00,1170,1149,0.00,0.00,0,0
1523088822,s2-eth1,3575588.00,75834.00,3651422.00,75834,3575588,1170.00,1149.00,2319.00,1149,1170,0.00,0.00,0,0
1523088822,s2-eth2,75372.00,3577762.00,3653134.00,3577762,75372,1142.00,1181.00,2323.00,1181,1142,0.00,0.00,0,0
1523088822,eth0,0.00,0.00,0.00,0,0,0.00,0.00,0.00,0,0,0.00,0.00,0,0
1523088822,eth1,0.00,0.00,0.00,0,0,0.00,0.00,0.00,0,0,0.00,0.00,0,0
1523088822,lo,0.00,0.00,0.00,0,0,0.00,0.00,0.00,0,0,0.00,0.00,0,0
1523088822,s1,0.00,0.00,0.00,0,0,0.00,0.00,0.00,0,0,0.00,0.00,0,0
1523088822,s2,0.00,0.00,0.00,0,0,0.00,0.00,0.00,0,0,0.00,0.00,0,0
1523088822,total,7300406.00,7305414.00,14605820.00,7305414,7300406,4623.00,4655.00,9278.00,4655,4623,0.00,0.00,0,0
1523088823,s1-eth1,4179382.00,93060.00,4272442.00,93060,4179382,1411.00,1410.00,2821.00,1410,1411,0.00,0.00,0,0
1523088823,s3,0.00,0.00,0.00,0,0,0.00,0.00,0.00,0,0,0.00,0.00,0,0
1523088823,s1-eth2,93060.00,4182344.00,4275404.00,4182344,93060,1410.00,1412.00,2822.00,1412,1410,0.00,0.00,0,0
1523088823,s2-eth1,4182344.00,93060.00,4275404.00,93060,4182344,1412.00,1410.00,2822.00,1410,1412,0.00,0.00,0,0
1523088823,s2-eth2,93192.00,4179382.00,4272574.00,4179382,93192,1412.00,1411.00,2823.00,1411,1412,0.00,0.00,0,0
1523088823,eth0,0.00,0.00,0.00,0,0,0.00,0.00,0.00,0,0,0.00,0.00,0,0
1523088823,eth1,0.00,0.00,0.00,0,0,0.00,0.00,0.00,0,0,0.00,0.00,0,0
1523088823,lo,0.00,0.00,0.00,0,0,0.00,0.00,0.00,0,0,0.00,0.00,0,0
1523088823,s1,0.00,0.00,0.00,0,0,0.00,0.00,0.00,0,0,0.00,0.00,0,0
1523088823,s2,0.00,0.00,0.00,0,0,0.00,0.00,0.00,0,0,0.00,0.00,0,0
1523088823,total,8547978.00,8547846.00,17095824.00,8547846,8547978,5645.00,5643.00,11288.00,5643,5645,0.00,0.00,0,0
1523088824,s1-eth1,3710637.50,82879.12,3793516.50,82962,3714348,1252.75,1255.74,2508.49,1257,1254,0.00,0.00,0,0
1523088824,s3,0.00,0.00,0.00,0,0,0.00,0.00,0.00,0,0,0.00,0.00,0,0
1523088824,s1-eth2,84197.80,3639620.50,3723818.25,3643260,84282,1275.72,1228.77,2504.50,1230,1277,0.00,0.00,0,0
1523088824,s2-eth1,3639620.50,84197.80,3723818.25,84282,3643260,1228.77,1275.72,2504.50,1277,1230,0.00,0.00,0,0
1523088824,s2-eth2,85384.62,3547890.25,3633274.75,3551438,85470,1293.71,1197.80,2491.51,1199,1295,0.00,0.00,0,0
1523088824,eth0,0.00,0.00,0.00,0,0,0.00,0.00,0.00,0,0,0.00,0.00,0,0
1523088824,eth1,0.00,0.00,0.00,0,0,0.00,0.00,0.00,0,0,0.00,0.00,0,0
1523088824,lo,515.48,515.48,1030.97,516,516,8.99,8.99,17.98,9,9,0.00,0.00,0,0
1523088824,s1,0.00,0.00,0.00,0,0,0.00,0.00,0.00,0,0,0.00,0.00,0,0
1523088824,s2,0.00,0.00,0.00,0,0,0.00,0.00,0.00,0,0,0.00,0.00,0,0
1523088824,total,7520356.00,7355103.00,14875459.00,7362458,7527876,5059.94,4967.03,10026.97,4972,5065,0.00,0.00,0,0
1523088825,s1-eth1,4676998.00,102894.00,4779892.00,102894,4676998,1579.00,1559.00,3138.00,1559,1579,0.00,0.00,0,0
1523088825,s3,0.00,0.00,0.00,0,0,0.00,0.00,0.00,0,0,0.00,0.00,0,0
1523088825,s1-eth2,101640.00,4745124.00,4846764.00,4745124,101640,1540.00,1602.00,3142.00,1602,1540,0.00,0.00,0,0
1523088825,s2-eth1,4745124.00,101640.00,4846764.00,101640,4745124,1602.00,1540.00,3142.00,1540,1602,0.00,0.00,0,0
1523088825,s2-eth2,100320.00,4819174.00,4919494.00,4819174,100320,1520.00,1627.00,3147.00,1627,1520,0.00,0.00,0,0
1523088825,eth0,0.00,175.00,175.00,175,0,0.00,1.00,1.00,1,0,0.00,0.00,0,0
1523088825,eth1,0.00,0.00,0.00,0,0,0.00,0.00,0.00,0,0,0.00,0.00,0,0
1523088825,lo,0.00,0.00,0.00,0,0,0.00,0.00,0.00,0,0,0.00,0.00,0,0
1523088825,s1,0.00,0.00,0.00,0,0,0.00,0.00,0.00,0,0,0.00,0.00,0,0
1523088825,s2,0.00,0.00,0.00,0,0,0.00,0.00,0.00,0,0,0.00,0.00,0,0
1523088825,total,9624082.00,9769007.00,19393088.00,9769007,9624082,6241.00,6329.00,12570.00,6329,6241,0.00,0.00,0,0
1523088826,s1-eth1,5967998.00,113784.00,6081782.00,113784,5967998,1811.00,1724.00,3535.00,1724,1811,0.00,0.00,0,0
1523088826,s3,0.00,0.00,0.00,0,0,0.00,0.00,0.00,0,0,0.00,0.00,0,0
1523088826,s1-eth2,113718.00,5967998.00,6081716.00,5967998,113718,1723.00,1811.00,3534.00,1811,1723,0.00,0.00,0,0
1523088826,s2-eth1,5967998.00,113718.00,6081716.00,113718,5967998,1811.00,1723.00,3534.00,1723,1811,0.00,0.00,0,0
1523088826,s2-eth2,113652.00,5976884.00,6090536.00,5976884,113652,1722.00,1814.00,3536.00,1814,1722,0.00,0.00,0,0
1523088826,eth0,0.00,0.00,0.00,0,0,0.00,0.00,0.00,0,0,0.00,0.00,0,0
1523088826,eth1,0.00,0.00,0.00,0,0,0.00,0.00,0.00,0,0,0.00,0.00,0,0
1523088826,lo,0.00,0.00,0.00,0,0,0.00,0.00,0.00,0,0,0.00,0.00,0,0
1523088826,s1,0.00,0.00,0.00,0,0,0.00,0.00,0.00,0,0,0.00,0.00,0,0
1523088826,s2,0.00,0.00,0.00,0,0,0.00,0.00,0.00,0,0,0.00,0.00,0,0
1523088826,total,12163366.00,12172384.00,24335750.00,12172384,12163366,7067.00,7072.00,14139.00,7072,7067,0.00,0.00,0,0
1523088827,s1-eth1,6014254.00,91212.00,6105466.00,91212,6014254,1371.00,1382.00,2753.00,1382,1371,0.00,0.00,0,0
1523088827,s3,0.00,0.00,0.00,0,0,0.00,0.00,0.00,0,0,0.00,0.00,0,0
1523088827,s1-eth2,91806.00,6016424.00,6108230.00,6016424,91806,1391.00,1360.00,2751.00,1360,1391,0.00,0.00,0,0
1523088827,s2-eth1,6016424.00,91806.00,6108230.00,91806,6016424,1360.00,1391.00,2751.00,1391,1360,0.00,0.00,0,0
1523088827,s2-eth2,92532.00,6015500.00,6108032.00,6015500,92532,1402.00,1346.00,2748.00,1346,1402,0.00,0.00,0,0
1523088827,eth0,0.00,0.00,0.00,0,0,0.00,0.00,0.00,0,0,0.00,0.00,0,0
1523088827,eth1,0.00,0.00,0.00,0,0,0.00,0.00,0.00,0,0,0.00,0.00,0,0
1523088827,lo,0.00,0.00,0.00,0,0,0.00,0.00,0.00,0,0,0.00,0.00,0,0
1523088827,s1,0.00,0.00,0.00,0,0,0.00,0.00,0.00,0,0,0.00,0.00,0,0
1523088827,s2,0.00,0.00,0.00,0,0,0.00,0.00,0.00,0,0,0.00,0.00,0,0
1523088827,total,12215016.00,12214942.00,24429958.00,12214942,12215016,5524.00,5479.00,11003.00,5479,5524,0.00,0.00,0,0
1523088828,s1-eth1,5869716.00,66066.00,5935782.00,66066,5869716,1002.00,1001.00,2003.00,1001,1002,0.00,0.00,0,0
1523088828,s3,0.00,0.00,0.00,0,0,0.00,0.00,0.00,0,0,0.00,0.00,0,0
1523088828,s1-eth2,66132.00,5869716.00,5935848.00,5869716,66132,1002.00,1002.00,2004.00,1002,1002,0.00,0.00,0,0
1523088828,s2-eth1,5869716.00,66132.00,5935848.00,66132,5869716,1002.00,1002.00,2004.00,1002,1002,0.00,0.00,0,0
1523088828,s2-eth2,66132.00,5881432.00,5947564.00,5881432,66132,1002.00,1004.00,2006.00,1004,1002,0.00,0.00,0,0
1523088828,eth0,0.00,0.00,0.00,0,0,0.00,0.00,0.00,0,0,0.00,0.00,0,0
1523088828,eth1,0.00,0.00,0.00,0,0,0.00,0.00,0.00,0,0,0.00,0.00,0,0
1523088828,lo,0.00,0.00,0.00,0,0,0.00,0.00,0.00,0,0,0.00,0.00,0,0
1523088828,s1,0.00,0.00,0.00,0,0,0.00,0.00,0.00,0,0,0.00,0.00,0,0
1523088828,s2,0.00,0.00,0.00,0,0,0.00,0.00,0.00,0,0,0.00,0.00,0,0
1523088828,total,11871696.00,11883346.00,23755042.00,11883346,11871696,4008.00,4009.00,8017.00,4009,4008,0.00,0.00,0,0
1523088829,s1-eth1,5841828.00,65736.00,5907564.00,65736,5841828,1106.00,996.00,2102.00,996,1106,0.00,0.00,0,0
1523088829,s3,0.00,0.00,0.00,0,0,0.00,0.00,0.00,0,0,0.00,0.00,0,0
1523088829,s1-eth2,65736.00,5853544.00,5919280.00,5853544,65736,996.00,1108.00,2104.00,1108,996,0.00,0.00,0,0
1523088829,s2-eth1,5853544.00,65736.00,5919280.00,65736,5853544,1108.00,996.00,2104.00,996,1108,0.00,0.00,0,0
1523088829,s2-eth2,65670.00,5859402.00,5925072.00,5859402,65670,995.00,1109.00,2104.00,1109,995,0.00,0.00,0,0
1523088829,eth0,0.00,0.00,0.00,0,0,0.00,0.00,0.00,0,0,0.00,0.00,0,0
1523088829,eth1,0.00,0.00,0.00,0,0,0.00,0.00,0.00,0,0,0.00,0.00,0,0
1523088829,lo,516.00,516.00,1032.00,516,516,9.00,9.00,18.00,9,9,0.00,0.00,0,0
1523088829,s1,0.00,0.00,0.00,0,0,0.00,0.00,0.00,0,0,0.00,0.00,0,0
1523088829,s2,0.00,0.00,0.00,0,0,0.00,0.00,0.00,0,0,0.00,0.00,0,0
1523088829,total,11827294.00,11844934.00,23672228.00,11844934,11827294,4214.00,4218.00,8432.00,4218,4214,0.00,0.00,0,0
1523088830,s1-eth1,5980452.00,76956.00,6057408.00,76956,5980452,1166.00,1166.00,2332.00,1166,1166,0.00,0.00,0,0
1523088830,s3,0.00,0.00,0.00,0,0,0.00,0.00,0.00,0,0,0.00,0.00,0,0
1523088830,s1-eth2,76956.00,5980452.00,6057408.00,5980452,76956,1166.00,1166.00,2332.00,1166,1166,0.00,0.00,0,0
1523088830,s2-eth1,5980452.00,76956.00,6057408.00,76956,5980452,1166.00,1166.00,2332.00,1166,1166,0.00,0.00,0,0
1523088830,s2-eth2,76956.00,5980452.00,6057408.00,5980452,76956,1166.00,1166.00,2332.00,1166,1166,0.00,0.00,0,0
1523088830,eth0,0.00,0.00,0.00,0,0,0.00,0.00,0.00,0,0,0.00,0.00,0,0
1523088830,eth1,0.00,0.00,0.00,0,0,0.00,0.00,0.00,0,0,0.00,0.00,0,0
1523088830,lo,0.00,0.00,0.00,0,0,0.00,0.00,0.00,0,0,0.00,0.00,0,0
1523088830,s1,0.00,0.00,0.00,0,0,0.00,0.00,0.00,0,0,0.00,0.00,0,0
1523088830,s2,0.00,0.00,0.00,0,0,0.00,0.00,0.00,0,0,0.00,0.00,0,0
1523088830,total,12114816.00,12114816.00,24229632.00,12114816,12114816,4664.00,4664.00,9328.00,4664,4664,0.00,0.00,0,0
1523088831,s1-eth1,5981018.00,67386.00,6048404.00,67386,5981018,1021.00,1021.00,2042.00,1021,1021,0.00,0.00,0,0
1523088831,s3,0.00,0.00,0.00,0,0,0.00,0.00,0.00,0,0,0.00,0.00,0,0
1523088831,s1-eth2,67386.00,5981018.00,6048404.00,5981018,67386,1021.00,1021.00,2042.00,1021,1021,0.00,0.00,0,0
1523088831,s2-eth1,5981018.00,67386.00,6048404.00,67386,5981018,1021.00,1021.00,2042.00,1021,1021,0.00,0.00,0,0
1523088831,s2-eth2,67452.00,5981018.00,6048470.00,5981018,67452,1022.00,1021.00,2043.00,1021,1022,0.00,0.00,0,0
1523088831,eth0,0.00,0.00,0.00,0,0,0.00,0.00,0.00,0,0,0.00,0.00,0,0
1523088831,eth1,0.00,0.00,0.00,0,0,0.00,0.00,0.00,0,0,0.00,0.00,0,0
1523088831,lo,0.00,0.00,0.00,0,0,0.00,0.00,0.00,0,0,0.00,0.00,0,0
1523088831,s1,0.00,0.00,0.00,0,0,0.00,0.00,0.00,0,0,0.00,0.00,0,0
1523088831,s2,0.00,0.00,0.00,0,0,0.00,0.00,0.00,0,0,0.00,0.00,0,0
1523088831,total,12096874.00,12096808.00,24193682.00,12096808,12096874,4085.00,4084.00,8169.00,4084,4085,0.00,0.00,0,0
1523088832,s1-eth1,5441504.00,61248.00,5502752.00,61248,5441504,1008.00,928.00,1936.00,928,1008,0.00,0.00,0,0
1523088832,s3,0.00,0.00,0.00,0,0,0.00,0.00,0.00,0,0,0.00,0.00,0,0
1523088832,s1-eth2,61314.00,5457762.00,5519076.00,5457762,61314,929.00,1013.00,1942.00,1013,929,0.00,0.00,0,0
1523088832,s2-eth1,5457762.00,61314.00,5519076.00,61314,5457762,1013.00,929.00,1942.00,929,1013,0.00,0.00,0,0
1523088832,s2-eth2,61314.00,5477642.00,5538956.00,5477642,61314,929.00,1029.00,1958.00,1029,929,0.00,0.00,0,0
1523088832,eth0,0.00,0.00,0.00,0,0,0.00,0.00,0.00,0,0,0.00,0.00,0,0
1523088832,eth1,0.00,0.00,0.00,0,0,0.00,0.00,0.00,0,0,0.00,0.00,0,0
1523088832,lo,0.00,0.00,0.00,0,0,0.00,0.00,0.00,0,0,0.00,0.00,0,0
1523088832,s1,0.00,0.00,0.00,0,0,0.00,0.00,0.00,0,0,0.00,0.00,0,0
1523088832,s2,0.00,0.00,0.00,0,0,0.00,0.00,0.00,0,0,0.00,0.00,0,0
1523088832,total,11021894.00,11057966.00,22079860.00,11057966,11021894,3879.00,3899.00,7778.00,3899,3879,0.00,0.00,0,0
1523088833,s1-eth1,5135050.00,71148.00,5206198.00,71148,5135050,1345.00,1078.00,2423.00,1078,1345,0.00,0.00,0,0
1523088833,s3,0.00,0.00,0.00,0,0,0.00,0.00,0.00,0,0,0.00,0.00,0,0
1523088833,s1-eth2,70620.00,5096416.00,5167036.00,5096416,70620,1070.00,1352.00,2422.00,1352,1070,0.00,0.00,0,0
1523088833,s2-eth1,5096416.00,70620.00,5167036.00,70620,5096416,1352.00,1070.00,2422.00,1070,1352,0.00,0.00,0,0
1523088833,s2-eth2,70092.00,5039548.00,5109640.00,5039548,70092,1062.00,1346.00,2408.00,1346,1062,0.00,0.00,0,0
1523088833,eth0,0.00,0.00,0.00,0,0,0.00,0.00,0.00,0,0,0.00,0.00,0,0
1523088833,eth1,0.00,0.00,0.00,0,0,0.00,0.00,0.00,0,0,0.00,0.00,0,0
1523088833,lo,0.00,0.00,0.00,0,0,0.00,0.00,0.00,0,0,0.00,0.00,0,0
1523088833,s1,0.00,0.00,0.00,0,0,0.00,0.00,0.00,0,0,0.00,0.00,0,0
1523088833,s2,0.00,0.00,0.00,0,0,0.00,0.00,0.00,0,0,0.00,0.00,0,0
1523088833,total,10372178.00,10277732.00,20649910.00,10277732,10372178,4829.00,4846.00,9675.00,4846,4829,0.00,0.00,0,0
1523088834,s1-eth1,5987118.00,78936.00,6066054.00,78936,5987118,1267.00,1196.00,2463.00,1196,1267,0.00,0.00,0,0
1523088834,s3,0.00,0.00,0.00,0,0,0.00,0.00,0.00,0,0,0.00,0.00,0,0
1523088834,s1-eth2,79398.00,5991920.00,6071318.00,5991920,79398,1203.00,1252.00,2455.00,1252,1203,0.00,0.00,0,0
1523088834,s2-eth1,5991920.00,79398.00,6071318.00,79398,5991920,1252.00,1203.00,2455.00,1203,1252,0.00,0.00,0,0
1523088834,s2-eth2,79926.00,5999618.00,6079544.00,5999618,79926,1211.00,1237.00,2448.00,1237,1211,0.00,0.00,0,0
1523088834,eth0,0.00,0.00,0.00,0,0,0.00,0.00,0.00,0,0,0.00,0.00,0,0
1523088834,eth1,0.00,0.00,0.00,0,0,0.00,0.00,0.00,0,0,0.00,0.00,0,0
1523088834,lo,516.00,516.00,1032.00,516,516,9.00,9.00,18.00,9,9,0.00,0.00,0,0
1523088834,s1,0.00,0.00,0.00,0,0,0.00,0.00,0.00,0,0,0.00,0.00,0,0
1523088834,s2,0.00,0.00,0.00,0,0,0.00,0.00,0.00,0,0,0.00,0.00,0,0
1523088834,total,12138878.00,12150388.00,24289266.00,12150388,12138878,4942.00,4897.00,9839.00,4897,4942,0.00,0.00,0,0
1523088835,s1-eth1,6004450.00,67650.00,6072100.00,67650,6004450,1025.00,1025.00,2050.00,1025,1025,0.00,0.00,0,0
1523088835,s3,0.00,0.00,0.00,0,0,0.00,0.00,0.00,0,0,0.00,0.00,0,0
1523088835,s1-eth2,67584.00,6004450.00,6072034.00,6004450,67584,1024.00,1025.00,2049.00,1025,1024,0.00,0.00,0,0
1523088835,s2-eth1,6004450.00,67584.00,6072034.00,67584,6004450,1025.00,1024.00,2049.00,1024,1025,0.00,0.00,0,0
1523088835,s2-eth2,67584.00,6004450.00,6072034.00,6004450,67584,1024.00,1025.00,2049.00,1025,1024,0.00,0.00,0,0
1523088835,eth0,0.00,0.00,0.00,0,0,0.00,0.00,0.00,0,0,0.00,0.00,0,0
1523088835,eth1,0.00,0.00,0.00,0,0,0.00,0.00,0.00,0,0,0.00,0.00,0,0
1523088835,lo,0.00,0.00,0.00,0,0,0.00,0.00,0.00,0,0,0.00,0.00,0,0
1523088835,s1,0.00,0.00,0.00,0,0,0.00,0.00,0.00,0,0,0.00,0.00,0,0
1523088835,s2,0.00,0.00,0.00,0,0,0.00,0.00,0.00,0,0,0.00,0.00,0,0
1523088835,total,12144068.00,12144134.00,24288202.00,12144134,12144068,4098.00,4099.00,8197.00,4099,4098,0.00,0.00,0,0
1523088836,s1-eth1,5957586.00,67188.00,6024774.00,67188,5957586,1017.00,1018.00,2035.00,1018,1017,0.00,0.00,0,0
1523088836,s3,0.00,0.00,0.00,0,0,0.00,0.00,0.00,0,0,0.00,0.00,0,0
1523088836,s1-eth2,67188.00,5957586.00,6024774.00,5957586,67188,1018.00,1017.00,2035.00,1017,1018,0.00,0.00,0,0
1523088836,s2-eth1,5957586.00,67188.00,6024774.00,67188,5957586,1017.00,1018.00,2035.00,1018,1017,0.00,0.00,0,0
1523088836,s2-eth2,67188.00,5957586.00,6024774.00,5957586,67188,1018.00,1017.00,2035.00,1017,1018,0.00,0.00,0,0
1523088836,eth0,0.00,0.00,0.00,0,0,0.00,0.00,0.00,0,0,0.00,0.00,0,0
1523088836,eth1,0.00,0.00,0.00,0,0,0.00,0.00,0.00,0,0,0.00,0.00,0,0
1523088836,lo,0.00,0.00,0.00,0,0,0.00,0.00,0.00,0,0,0.00,0.00,0,0
1523088836,s1,0.00,0.00,0.00,0,0,0.00,0.00,0.00,0,0,0.00,0.00,0,0
1523088836,s2,0.00,0.00,0.00,0,0,0.00,0.00,0.00,0,0,0.00,0.00,0,0
1523088836,total,12049548.00,12049548.00,24099096.00,12049548,12049548,4070.00,4070.00,8140.00,4070,4070,0.00,0.00,0,0
1523088837,s1-eth1,6021486.00,75768.00,6097254.00,75768,6021486,1327.00,1148.00,2475.00,1148,1327,0.00,0.00,0,0
1523088837,s3,0.00,0.00,0.00,0,0,0.00,0.00,0.00,0,0,0.00,0.00,0,0
1523088837,s1-eth2,75570.00,6027608.00,6103178.00,6027608,75570,1145.00,1332.00,2477.00,1332,1145,0.00,0.00,0,0
1523088837,s2-eth1,6027608.00,75570.00,6103178.00,75570,6027608,1332.00,1145.00,2477.00,1145,1332,0.00,0.00,0,0
1523088837,s2-eth2,75372.00,6027872.00,6103244.00,6027872,75372,1142.00,1336.00,2478.00,1336,1142,0.00,0.00,0,0
1523088837,eth0,0.00,0.00,0.00,0,0,0.00,0.00,0.00,0,0,0.00,0.00,0,0
1523088837,eth1,0.00,0.00,0.00,0,0,0.00,0.00,0.00,0,0,0.00,0.00,0,0
1523088837,lo,0.00,0.00,0.00,0,0,0.00,0.00,0.00,0,0,0.00,0.00,0,0
1523088837,s1,0.00,0.00,0.00,0,0,0.00,0.00,0.00,0,0,0.00,0.00,0,0
1523088837,s2,0.00,0.00,0.00,0,0,0.00,0.00,0.00,0,0,0.00,0.00,0,0
1523088837,total,12200036.00,12206818.00,24406854.00,12206818,12200036,4946.00,4961.00,9907.00,4961,4946,0.00,0.00,0,0
1523088838,s1-eth1,5992540.00,68970.00,6061510.00,68970,5992540,1042.00,1045.00,2087.00,1045,1042,0.00,0.00,0,0
1523088838,s3,0.00,0.00,0.00,0,0,0.00,0.00,0.00,0,0,0.00,0.00,0,0
1523088838,s1-eth2,69234.00,5992276.00,6061510.00,5992276,69234,1049.00,1038.00,2087.00,1038,1049,0.00,0.00,0,0
1523088838,s2-eth1,5992276.00,69234.00,6061510.00,69234,5992276,1038.00,1049.00,2087.00,1049,1038,0.00,0.00,0,0
1523088838,s2-eth2,69366.00,5992012.00,6061378.00,5992012,69366,1051.00,1034.00,2085.00,1034,1051,0.00,0.00,0,0
1523088838,eth0,0.00,0.00,0.00,0,0,0.00,0.00,0.00,0,0,0.00,0.00,0,0
1523088838,eth1,0.00,0.00,0.00,0,0,0.00,0.00,0.00,0,0,0.00,0.00,0,0
1523088838,lo,0.00,0.00,0.00,0,0,0.00,0.00,0.00,0,0,0.00,0.00,0,0
1523088838,s1,0.00,0.00,0.00,0,0,0.00,0.00,0.00,0,0,0.00,0.00,0,0
1523088838,s2,0.00,0.00,0.00,0,0,0.00,0.00,0.00,0,0,0.00,0.00,0,0
1523088838,total,12123416.00,12122492.00,24245908.00,12122492,12123416,4180.00,4166.00,8346.00,4166,4180,0.00,0.00,0,0
1523088839,s1-eth1,2612322.00,30228.00,2642550.00,30228,2612322,449.00,458.00,907.00,458,449,0.00,0.00,0,0
1523088839,s3,0.00,0.00,0.00,0,0,0.00,0.00,0.00,0,0,0.00,0.00,0,0
1523088839,s1-eth2,30888.00,2542026.00,2572914.00,2542026,30888,468.00,437.00,905.00,437,468,0.00,0.00,0,0
1523088839,s2-eth1,2542026.00,30888.00,2572914.00,30888,2542026,437.00,468.00,905.00,468,437,0.00,0.00,0,0
1523088839,s2-eth2,31614.00,2471730.00,2503344.00,2471730,31614,479.00,425.00,904.00,425,479,0.00,0.00,0,0
1523088839,eth0,0.00,0.00,0.00,0,0,0.00,0.00,0.00,0,0,0.00,0.00,0,0
1523088839,eth1,0.00,0.00,0.00,0,0,0.00,0.00,0.00,0,0,0.00,0.00,0,0
1523088839,lo,516.00,516.00,1032.00,516,516,9.00,9.00,18.00,9,9,0.00,0.00,0,0
1523088839,s1,0.00,0.00,0.00,0,0,0.00,0.00,0.00,0,0,0.00,0.00,0,0
1523088839,s2,0.00,0.00,0.00,0,0,0.00,0.00,0.00,0,0,0.00,0.00,0,0
1523088839,total,5217366.00,5075388.00,10292754.00,5075388,5217366,1842.00,1797.00,3639.00,1797,1842,0.00,0.00,0,0
1523088840,s1-eth1,0.00,0.00,0.00,0,0,0.00,0.00,0.00,0,0,0.00,0.00,0,0
1523088840,s3,0.00,0.00,0.00,0,0,0.00,0.00,0.00,0,0,0.00,0.00,0,0
1523088840,s1-eth2,0.00,0.00,0.00,0,0,0.00,0.00,0.00,0,0,0.00,0.00,0,0
1523088840,s2-eth1,0.00,0.00,0.00,0,0,0.00,0.00,0.00,0,0,0.00,0.00,0,0
1523088840,s2-eth2,0.00,0.00,0.00,0,0,0.00,0.00,0.00,0,0,0.00,0.00,0,0
1523088840,eth0,0.00,0.00,0.00,0,0,0.00,0.00,0.00,0,0,0.00,0.00,0,0
1523088840,eth1,0.00,0.00,0.00,0,0,0.00,0.00,0.00,0,0,0.00,0.00,0,0
1523088840,lo,0.00,0.00,0.00,0,0,0.00,0.00,0.00,0,0,0.00,0.00,0,0
1523088840,s1,0.00,0.00,0.00,0,0,0.00,0.00,0.00,0,0,0.00,0.00,0,0
1523088840,s2,0.00,0.00,0.00,0,0,0.00,0.00,0.00,0,0,0.00,0.00,0,0
1523088840,total,0.00,0.00,0.00,0,0,0.00,0.00,0.00,0,0,0.00,0.00,0,0
1523088841,s1-eth1,0.00,0.00,0.00,0,0,0.00,0.00,0.00,0,0,0.00,0.00,0,0
1523088841,s3,0.00,0.00,0.00,0,0,0.00,0.00,0.00,0,0,0.00,0.00,0,0
1523088841,s1-eth2,0.00,0.00,0.00,0,0,0.00,0.00,0.00,0,0,0.00,0.00,0,0
1523088841,s2-eth1,0.00,0.00,0.00,0,0,0.00,0.00,0.00,0,0,0.00,0.00,0,0
1523088841,s2-eth2,0.00,0.00,0.00,0,0,0.00,0.00,0.00,0,0,0.00,0.00,0,0
1523088841,eth0,0.00,0.00,0.00,0,0,0.00,0.00,0.00,0,0,0.00,0.00,0,0
1523088841,eth1,0.00,0.00,0.00,0,0,0.00,0.00,0.00,0,0,0.00,0.00,0,0
1523088841,lo,0.00,0.00,0.00,0,0,0.00,0.00,0.00,0,0,0.00,0.00,0,0
1523088841,s1,0.00,0.00,0.00,0,0,0.00,0.00,0.00,0,0,0.00,0.00,0,0
1523088841,s2,0.00,0.00,0.00,0,0,0.00,0.00,0.00,0,0,0.00,0.00,0,0
1523088841,total,0.00,0.00,0.00,0,0,0.00,0.00,0.00,0,0,0.00,0.00,0,0
1523088842,s1-eth1,42.00,42.00,84.00,42,42,1.00,1.00,2.00,1,1,0.00,0.00,0,0
1523088842,s3,0.00,0.00,0.00,0,0,0.00,0.00,0.00,0,0,0.00,0.00,0,0
1523088842,s1-eth2,42.00,42.00,84.00,42,42,1.00,1.00,2.00,1,1,0.00,0.00,0,0
1523088842,s2-eth1,42.00,42.00,84.00,42,42,1.00,1.00,2.00,1,1,0.00,0.00,0,0
1523088842,s2-eth2,42.00,42.00,84.00,42,42,1.00,1.00,2.00,1,1,0.00,0.00,0,0
1523088842,eth0,0.00,0.00,0.00,0,0,0.00,0.00,0.00,0,0,0.00,0.00,0,0
1523088842,eth1,0.00,0.00,0.00,0,0,0.00,0.00,0.00,0,0,0.00,0.00,0,0
1523088842,lo,0.00,0.00,0.00,0,0,0.00,0.00,0.00,0,0,0.00,0.00,0,0
1523088842,s1,0.00,0.00,0.00,0,0,0.00,0.00,0.00,0,0,0.00,0.00,0,0
1523088842,s2,0.00,0.00,0.00,0,0,0.00,0.00,0.00,0,0,0.00,0.00,0,0
1523088842,total,168.00,168.00,336.00,168,168,4.00,4.00,8.00,4,4,0.00,0.00,0,0
1523088843,s1-eth1,0.00,0.00,0.00,0,0,0.00,0.00,0.00,0,0,0.00,0.00,0,0
1523088843,s3,0.00,0.00,0.00,0,0,0.00,0.00,0.00,0,0,0.00,0.00,0,0
1523088843,s1-eth2,0.00,0.00,0.00,0,0,0.00,0.00,0.00,0,0,0.00,0.00,0,0
1523088843,s2-eth1,0.00,0.00,0.00,0,0,0.00,0.00,0.00,0,0,0.00,0.00,0,0
1523088843,s2-eth2,0.00,0.00,0.00,0,0,0.00,0.00,0.00,0,0,0.00,0.00,0,0
1523088843,eth0,0.00,0.00,0.00,0,0,0.00,0.00,0.00,0,0,0.00,0.00,0,0
1523088843,eth1,0.00,0.00,0.00,0,0,0.00,0.00,0.00,0,0,0.00,0.00,0,0
1523088843,lo,0.00,0.00,0.00,0,0,0.00,0.00,0.00,0,0,0.00,0.00,0,0
1523088843,s1,0.00,0.00,0.00,0,0,0.00,0.00,0.00,0,0,0.00,0.00,0,0
1523088843,s2,0.00,0.00,0.00,0,0,0.00,0.00,0.00,0,0,0.00,0.00,0,0
1523088843,total,0.00,0.00,0.00,0,0,0.00,0.00,0.00,0,0,0.00,0.00,0,0
1523088844,s1-eth1,0.00,0.00,0.00,0,0,0.00,0.00,0.00,0,0,0.00,0.00,0,0
1523088844,s3,0.00,0.00,0.00,0,0,0.00,0.00,0.00,0,0,0.00,0.00,0,0
1523088844,s1-eth2,0.00,0.00,0.00,0,0,0.00,0.00,0.00,0,0,0.00,0.00,0,0
1523088844,s2-eth1,0.00,0.00,0.00,0,0,0.00,0.00,0.00,0,0,0.00,0.00,0,0
1523088844,s2-eth2,0.00,0.00,0.00,0,0,0.00,0.00,0.00,0,0,0.00,0.00,0,0
1523088844,eth0,0.00,0.00,0.00,0,0,0.00,0.00,0.00,0,0,0.00,0.00,0,0
1523088844,eth1,0.00,0.00,0.00,0,0,0.00,0.00,0.00,0,0,0.00,0.00,0,0
1523088844,lo,516.00,516.00,1032.00,516,516,9.00,9.00,18.00,9,9,0.00,0.00,0,0
1523088844,s1,0.00,0.00,0.00,0,0,0.00,0.00,0.00,0,0,0.00,0.00,0,0
1523088844,s2,0.00,0.00,0.00,0,0,0.00,0.00,0.00,0,0,0.00,0.00,0,0
1523088844,total,516.00,516.00,1032.00,516,516,9.00,9.00,18.00,9,9,0.00,0.00,0,0
1523088845,s1-eth1,0.00,0.00,0.00,0,0,0.00,0.00,0.00,0,0,0.00,0.00,0,0
1523088845,s3,0.00,0.00,0.00,0,0,0.00,0.00,0.00,0,0,0.00,0.00,0,0
1523088845,s1-eth2,0.00,0.00,0.00,0,0,0.00,0.00,0.00,0,0,0.00,0.00,0,0
1523088845,s2-eth1,0.00,0.00,0.00,0,0,0.00,0.00,0.00,0,0,0.00,0.00,0,0
1523088845,s2-eth2,0.00,0.00,0.00,0,0,0.00,0.00,0.00,0,0,0.00,0.00,0,0
1523088845,eth0,0.00,0.00,0.00,0,0,0.00,0.00,0.00,0,0,0.00,0.00,0,0
1523088845,eth1,0.00,0.00,0.00,0,0,0.00,0.00,0.00,0,0,0.00,0.00,0,0
1523088845,lo,0.00,0.00,0.00,0,0,0.00,0.00,0.00,0,0,0.00,0.00,0,0
1523088845,s1,0.00,0.00,0.00,0,0,0.00,0.00,0.00,0,0,0.00,0.00,0,0
1523088845,s2,0.00,0.00,0.00,0,0,0.00,0.00,0.00,0,0,0.00,0.00,0,0
1523088845,total,0.00,0.00,0.00,0,0,0.00,0.00,0.00,0,0,0.00,0.00,0,0
1523088846,s1-eth1,0.00,0.00,0.00,0,0,0.00,0.00,0.00,0,0,0.00,0.00,0,0
1523088846,s3,0.00,0.00,0.00,0,0,0.00,0.00,0.00,0,0,0.00,0.00,0,0
1523088846,s1-eth2,0.00,0.00,0.00,0,0,0.00,0.00,0.00,0,0,0.00,0.00,0,0
1523088846,s2-eth1,0.00,0.00,0.00,0,0,0.00,0.00,0.00,0,0,0.00,0.00,0,0
1523088846,s2-eth2,0.00,0.00,0.00,0,0,0.00,0.00,0.00,0,0,0.00,0.00,0,0
1523088846,eth0,0.00,0.00,0.00,0,0,0.00,0.00,0.00,0,0,0.00,0.00,0,0
1523088846,eth1,0.00,0.00,0.00,0,0,0.00,0.00,0.00,0,0,0.00,0.00,0,0
1523088846,lo,0.00,0.00,0.00,0,0,0.00,0.00,0.00,0,0,0.00,0.00,0,0
1523088846,s1,0.00,0.00,0.00,0,0,0.00,0.00,0.00,0,0,0.00,0.00,0,0
1523088846,s2,0.00,0.00,0.00,0,0,0.00,0.00,0.00,0,0,0.00,0.00,0,0
1523088846,total,0.00,0.00,0.00,0,0,0.00,0.00,0.00,0,0,0.00,0.00,0,0
1523088847,s1-eth1,0.00,0.00,0.00,0,0,0.00,0.00,0.00,0,0,0.00,0.00,0,0
1523088847,s3,0.00,0.00,0.00,0,0,0.00,0.00,0.00,0,0,0.00,0.00,0,0
1523088847,s1-eth2,0.00,0.00,0.00,0,0,0.00,0.00,0.00,0,0,0.00,0.00,0,0
1523088847,s2-eth1,0.00,0.00,0.00,0,0,0.00,0.00,0.00,0,0,0.00,0.00,0,0
1523088847,s2-eth2,0.00,0.00,0.0