1523101003,s3,0.00,0.00,0.00,0,0,0.00,0.00,0.00,0,0,0.00,0.00,0,0
1523101003,s1-eth1,0.00,0.00,0.00,0,0,0.00,0.00,0.00,0,0,0.00,0.00,0,0
1523101003,s1-eth3,0.00,0.00,0.00,0,0,0.00,0.00,0.00,0,0,0.00,0.00,0,0
1523101003,s1-eth2,0.00,0.00,0.00,0,0,0.00,0.00,0.00,0,0,0.00,0.00,0,0
1523101003,s4,0.00,0.00,0.00,0,0,0.00,0.00,0.00,0,0,0.00,0.00,0,0
1523101003,s2-eth1,0.00,0.00,0.00,0,0,0.00,0.00,0.00,0,0,0.00,0.00,0,0
1523101003,s2-eth3,0.00,0.00,0.00,0,0,0.00,0.00,0.00,0,0,0.00,0.00,0,0
1523101003,s2-eth2,0.00,0.00,0.00,0,0,0.00,0.00,0.00,0,0,0.00,0.00,0,0
1523101003,s5,0.00,0.00,0.00,0,0,0.00,0.00,0.00,0,0,0.00,0.00,0,0
1523101003,s3-eth1,0.00,0.00,0.00,0,0,0.00,0.00,0.00,0,0,0.00,0.00,0,0
1523101003,s3-eth3,0.00,0.00,0.00,0,0,0.00,0.00,0.00,0,0,0.00,0.00,0,0
1523101003,s3-eth2,0.00,0.00,0.00,0,0,0.00,0.00,0.00,0,0,0.00,0.00,0,0
1523101003,eth0,0.00,0.00,0.00,0,0,0.00,0.00,0.00,0,0,0.00,0.00,0,0
1523101003,eth1,0.00,0.00,0.00,0,0,0.00,0.00,0.00,0,0,0.00,0.00,0,0
1523101003,lo,0.00,0.00,0.00,0,0,0.00,0.00,0.00,0,0,0.00,0.00,0,0
1523101003,s1,0.00,0.00,0.00,0,0,0.00,0.00,0.00,0,0,0.00,0.00,0,0
1523101003,s4-eth1,0.00,0.00,0.00,0,0,0.00,0.00,0.00,0,0,0.00,0.00,0,0
1523101003,s4-eth3,0.00,0.00,0.00,0,0,0.00,0.00,0.00,0,0,0.00,0.00,0,0
1523101003,s4-eth2,0.00,0.00,0.00,0,0,0.00,0.00,0.00,0,0,0.00,0.00,0,0
1523101003,s2,0.00,0.00,0.00,0,0,0.00,0.00,0.00,0,0,0.00,0.00,0,0
1523101003,s5-eth1,0.00,0.00,0.00,0,0,0.00,0.00,0.00,0,0,0.00,0.00,0,0
1523101003,s5-eth2,0.00,0.00,0.00,0,0,0.00,0.00,0.00,0,0,0.00,0.00,0,0
1523101003,total,0.00,0.00,0.00,0,0,0.00,0.00,0.00,0,0,0.00,0.00,0,0
1523101004,s3,0.00,0.00,0.00,0,0,0.00,0.00,0.00,0,0,0.00,0.00,0,0
1523101004,s1-eth1,1226268.00,27258.00,1253526.00,27258,1226268,414.00,413.00,827.00,413,414,0.00,0.00,0,0
1523101004,s1-eth3,21318.00,1004118.00,1025436.00,1004118,21318,323.00,339.00,662.00,339,323,0.00,0.00,0,0
1523101004,s1-eth2,6006.00,284352.00,290358.00,284352,6006,91.00,96.00,187.00,96,91,0.00,0.00,0,0
1523101004,s4,0.00,0.00,0.00,0,0,0.00,0.00,0.00,0,0,0.00,0.00,0,0
1523101004,s2-eth1,1004118.00,21318.00,1025436.00,21318,1004118,339.00,323.00,662.00,323,339,0.00,0.00,0,0
1523101004,s2-eth3,15576.00,731614.00,747190.00,731614,15576,236.00,247.00,483.00,247,236,0.00,0.00,0,0
1523101004,s2-eth2,5676.00,269542.00,275218.00,269542,5676,86.00,91.00,177.00,91,86,0.00,0.00,0,0
1523101004,s5,0.00,0.00,0.00,0,0,0.00,0.00,0.00,0,0,0.00,0.00,0,0
1523101004,s3-eth1,731614.00,15576.00,747190.00,15576,731614,247.00,236.00,483.00,236,247,0.00,0.00,0,0
1523101004,s3-eth3,10164.00,476882.00,487046.00,476882,10164,154.00,161.00,315.00,161,154,0.00,0.00,0,0
1523101004,s3-eth2,5412.00,254732.00,260144.00,254732,5412,82.00,86.00,168.00,86,82,0.00,0.00,0,0
1523101004,eth0,134.00,66.00,200.00,66,134,1.00,1.00,2.00,1,1,0.00,0.00,0,0
1523101004,eth1,0.00,0.00,0.00,0,0,0.00,0.00,0.00,0,0,0.00,0.00,0,0
1523101004,lo,0.00,0.00,0.00,0,0,0.00,0.00,0.00,0,0,0.00,0.00,0,0
1523101004,s1,0.00,0.00,0.00,0,0,0.00,0.00,0.00,0,0,0.00,0.00,0,0
1523101004,s4-eth1,476882.00,10164.00,487046.00,10164,476882,161.00,154.00,315.00,154,161,0.00,0.00,0,0
1523101004,s4-eth3,4422.00,207340.00,211762.00,207340,4422,67.00,70.00,137.00,70,67,0.00,0.00,0,0
1523101004,s4-eth2,5742.00,269542.00,275284.00,269542,5742,87.00,91.00,178.00,91,87,0.00,0.00,0,0
1523101004,s2,0.00,0.00,0.00,0,0,0.00,0.00,0.00,0,0,0.00,0.00,0,0
1523101004,s5-eth1,207340.00,4422.00,211762.00,4422,207340,70.00,67.00,137.00,67,70,0.00,0.00,0,0
1523101004,s5-eth2,4422.00,207340.00,211762.00,207340,4422,67.00,70.00,137.00,70,67,0.00,0.00,0,0
1523101004,total,3725094.00,3784266.00,7509360.00,3784266,3725094,2425.00,2445.00,4870.00,2445,2425,0.00,0.00,0,0
1523101005,s3,0.00,0.00,0.00,0,0,0.00,0.00,0.00,0,0,0.00,0.00,0,0
1523101005,s1-eth1,1223306.00,27258.00,1250564.00,27258,1223306,413.00,413.00,826.00,413,413,0.00,0.00,0,0
1523101005,s1-eth3,21252.00,986346.00,1007598.00,986346,21252,322.00,333.00,655.00,333,322,0.00,0.00,0,0
1523101005,s1-eth2,6006.00,278428.00,284434.00,278428,6006,91.00,94.00,185.00,94,91,0.00,0.00,0,0
1523101005,s4,0.00,0.00,0.00,0,0,0.00,0.00,0.00,0,0,0.00,0.00,0,0
1523101005,s2-eth1,986346.00,21252.00,1007598.00,21252,986346,333.00,322.00,655.00,322,333,0.00,0.00,0,0
1523101005,s2-eth3,15708.00,725690.00,741398.00,725690,15708,238.00,245.00,483.00,245,238,0.00,0.00,0,0
1523101005,s2-eth2,5610.00,263618.00,269228.00,263618,5610,85.00,89.00,174.00,89,85,0.00,0.00,0,0
1523101005,s5,0.00,0.00,0.00,0,0,0.00,0.00,0.00,0,0,0.00,0.00,0,0
1523101005,s3-eth1,725690.00,15708.00,741398.00,15708,725690,245.00,238.00,483.00,238,245,0.00,0.00,0,0
1523101005,s3-eth3,10560.00,485768.00,496328.00,485768,10560,160.00,164.00,324.00,164,160,0.00,0.00,0,0
1523101005,s3-eth2,5148.00,239922.00,245070.00,239922,5148,78.00,81.00,159.00,81,78,0.00,0.00,0,0
1523101005,eth0,134.00,66.00,200.00,66,134,1.00,1.00,2.00,1,1,0.00,0.00,0,0
1523101005,eth1,0.00,0.00,0.00,0,0,0.00,0.00,0.00,0,0,0.00,0.00,0,0
1523101005,lo,0.00,0.00,0.00,0,0,0.00,0.00,0.00,0,0,0.00,0.00,0,0
1523101005,s1,0.00,0.00,0.00,0,0,0.00,0.00,0.00,0,0,0.00,0.00,0,0
1523101005,s4-eth1,485768.00,10560.00,496328.00,10560,485768,164.00,160.00,324.00,160,164,0.00,0.00,0,0
1523101005,s4-eth3,5280.00,242884.00,248164.00,242884,5280,80.00,82.00,162.00,82,80,0.00,0.00,0,0
1523101005,s4-eth2,5214.00,242884.00,248098.00,242884,5214,79.00,82.00,161.00,82,79,0.00,0.00,0,0
1523101005,s2,0.00,0.00,0.00,0,0,0.00,0.00,0.00,0,0,0.00,0.00,0,0
1523101005,s5-eth1,242884.00,5280.00,248164.00,5280,242884,82.00,80.00,162.00,80,82,0.00,0.00,0,0
1523101005,s5-eth2,5280.00,242884.00,248164.00,242884,5280,80.00,82.00,162.00,82,80,0.00,0.00,0,0
1523101005,total,3744186.00,3788548.00,7532734.00,3788548,3744186,2451.00,2466.00,4917.00,2466,2451,0.00,0.00,0,0
1523101006,s3,0.00,420.00,420.00,420,0,0.00,6.00,6.00,6,0,0.00,0.00,0,0
1523101006,s1-eth1,1220484.00,27328.00,1247812.00,27328,1220484,414.00,414.00,828.00,414,414,0.00,0.00,0,0
1523101006,s1-eth3,21326.00,998474.00,1019800.00,998474,21326,323.00,341.00,664.00,341,323,0.00,0.00,0,0
1523101006,s1-eth2,6356.00,284422.00,290778.00,284422,6356,96.00,97.00,193.00,97,96,0.00,0.00,0,0
1523101006,s4,0.00,420.00,420.00,420,0,0.00,6.00,6.00,6,0,0.00,0.00,0,0
1523101006,s2-eth1,998474.00,21326.00,1019800.00,21326,998474,341.00,323.00,664.00,323,341,0.00,0.00,0,0
1523101006,s2-eth3,16182.00,752558.00,768740.00,752558,16182,245.00,257.00,502.00,257,245,0.00,0.00,0,0
1523101006,s2-eth2,5564.00,242954.00,248518.00,242954,5564,84.00,83.00,167.00,83,84,0.00,0.00,0,0
1523101006,s5,0.00,420.00,420.00,420,0,0.00,6.00,6.00,6,0,0.00,0.00,0,0
1523101006,s3-eth1,752558.00,16182.00,768740.00,16182,752558,257.00,245.00,502.00,245,257,0.00,0.00,0,0
1523101006,s3-eth3,10378.00,479984.00,490362.00,479984,10378,157.00,164.00,321.00,164,157,0.00,0.00,0,0
1523101006,s3-eth2,6158.00,272574.00,278732.00,272574,6158,93.00,93.00,186.00,93,93,0.00,0.00,0,0
1523101006,eth0,134.00,66.00,200.00,66,134,1.00,1.00,2.00,1,1,0.00,0.00,0,0
1523101006,eth1,0.00,0.00,0.00,0,0,0.00,0.00,0.00,0,0,0.00,0.00,0,0
1523101006,lo,8040.00,8040.00,16080.00,8040,8040,90.00,90.00,180.00,90,90,0.00,0.00,0,0
1523101006,s1,0.00,420.00,420.00,420,0,0.00,6.00,6.00,6,0,0.00,0.00,0,0
1523101006,s4-eth1,479984.00,10378.00,490362.00,10378,479984,164.00,157.00,321.00,157,164,0.00,0.00,0,0
1523101006,s4-eth3,5630.00,251840.00,257470.00,251840,5630,85.00,86.00,171.00,86,85,0.00,0.00,0,0
1523101006,s4-eth2,5234.00,228144.00,233378.00,228144,5234,79.00,78.00,157.00,78,79,0.00,0.00,0,0
1523101006,s2,0.00,420.00,420.00,420,0,0.00,6.00,6.00,6,0,0.00,0.00,0,0
1523101006,s5-eth1,251840.00,5630.00,257470.00,5630,251840,86.00,85.00,171.00,85,86,0.00,0.00,0,0
1523101006,s5-eth2,5630.00,251840.00,257470.00,251840,5630,85.00,86.00,171.00,86,85,0.00,0.00,0,0
1523101006,total,3793972.00,3853840.00,7647812.00,3853840,3793972,2600.00,2630.00,5230.00,2630,2600,0.00,0.00,0,0
1523101007,s3,0.00,0.00,0.00,0,0,0.00,0.00,0.00,0,0,0.00,0.00,0,0
1523101007,s1-eth1,1223516.00,27258.00,1250774.00,27258,1223516,416.00,413.00,829.00,413,416,0.00,0.00,0,0
1523101007,s1-eth3,21486.00,1001324.00,1022810.00,1001324,21486,327.00,342.00,669.00,342,327,0.00,0.00,0,0
1523101007,s1-eth2,6108.00,278596.00,284704.00,278596,6108,94.00,98.00,192.00,98,94,0.00,0.00,0,0
1523101007,s4,0.00,0.00,0.00,0,0,0.00,0.00,0.00,0,0,0.00,0.00,0,0
1523101007,s2-eth1,1001324.00,21486.00,1022810.00,21486,1001324,342.00,327.00,669.00,327,342,0.00,0.00,0,0
1523101007,s2-eth3,16026.00,740752.00,756778.00,740752,16026,245.00,256.00,501.00,256,245,0.00,0.00,0,0
1523101007,s2-eth2,5712.00,260824.00,266536.00,260824,5712,88.00,92.00,180.00,92,88,0.00,0.00,0,0
1523101007,s5,0.00,0.00,0.00,0,0,0.00,0.00,0.00,0,0,0.00,0.00,0,0
1523101007,s3-eth1,740752.00,16026.00,756778.00,16026,740752,256.00,245.00,501.00,245,256,0.00,0.00,0,0
1523101007,s3-eth3,11406.00,518602.00,530008.00,518602,11406,175.00,181.00,356.00,181,175,0.00,0.00,0,0
1523101007,s3-eth2,4854.00,222318.00,227172.00,222318,4854,75.00,79.00,154.00,79,75,0.00,0.00,0,0
1523101007,eth0,134.00,66.00,200.00,66,134,1.00,1.00,2.00,1,1,0.00,0.00,0,0
1523101007,eth1,0.00,0.00,0.00,0,0,0.00,0.00,0.00,0,0,0.00,0.00,0,0
1523101007,lo,16096.00,16096.00,32192.00,16096,16096,148.00,148.00,296.00,148,148,0.00,0.00,0,0
1523101007,s1,0.00,0.00,0.00,0,0,0.00,0.00,0.00,0,0,0.00,0.00,0,0
1523101007,s4-eth1,518602.00,11406.00,530008.00,11406,518602,181.00,175.00,356.00,175,181,0.00,0.00,0,0
1523101007,s4-eth3,5910.00,263786.00,269696.00,263786,5910,91.00,93.00,184.00,93,91,0.00,0.00,0,0
1523101007,s4-eth2,5580.00,254900.00,260480.00,254900,5580,86.00,90.00,176.00,90,86,0.00,0.00,0,0
1523101007,s2,0.00,0.00,0.00,0,0,0.00,0.00,0.00,0,0,0.00,0.00,0,0
1523101007,s5-eth1,263786.00,5910.00,269696.00,5910,263786,93.00,91.00,184.00,91,93,0.00,0.00,0,0
1523101007,s5-eth2,5844.00,266748.00,272592.00,266748,5844,90.00,94.00,184.00,94,90,0.00,0.00,0,0
1523101007,total,3847136.00,3906098.00,7753234.00,3906098,3847136,2708.00,2725.00,5433.00,2725,2708,0.00,0.00,0,0
1523101008,s3,0.00,0.00,0.00,0,0,0.00,0.00,0.00,0,0,0.00,0.00,0,0
1523101008,s1-eth1,1223306.00,27290.00,1250596.00,27290,1223306,413.00,413.00,826.00,413,413,0.00,0.00,0,0
1523101008,s1-eth3,21318.00,1069282.00,1090600.00,1069282,21318,323.00,361.00,684.00,361,323,0.00,0.00,0,0
1523101008,s1-eth2,5952.00,293304.00,299256.00,293304,5952,90.00,100.00,190.00,100,90,0.00,0.00,0,0
1523101008,s4,0.00,0.00,0.00,0,0,0.00,0.00,0.00,0,0,0.00,0.00,0,0
1523101008,s2-eth1,1069282.00,21318.00,1090600.00,21318,1069282,361.00,323.00,684.00,323,361,0.00,0.00,0,0
1523101008,s2-eth3,15642.00,784930.00,800572.00,784930,15642,237.00,265.00,502.00,265,237,0.00,0.00,0,0
1523101008,s2-eth2,5676.00,287314.00,292990.00,287314,5676,86.00,97.00,183.00,97,86,0.00,0.00,0,0
1523101008,s5,0.00,0.00,0.00,0,0,0.00,0.00,0.00,0,0,0.00,0.00,0,0
1523101008,s3-eth1,784930.00,15642.00,800572.00,15642,784930,265.00,237.00,502.00,237,265,0.00,0.00,0,0
1523101008,s3-eth3,10296.00,524274.00,534570.00,524274,10296,156.00,177.00,333.00,177,156,0.00,0.00,0,0
1523101008,s3-eth2,5346.00,260656.00,266002.00,260656,5346,81.00,88.00,169.00,88,81,0.00,0.00,0,0
1523101008,eth0,134.00,66.00,200.00,66,134,1.00,1.00,2.00,1,1,0.00,0.00,0,0
1523101008,eth1,0.00,0.00,0.00,0,0,0.00,0.00,0.00,0,0,0.00,0.00,0,0
1523101008,lo,0.00,0.00,0.00,0,0,0.00,0.00,0.00,0,0,0.00,0.00,0,0
1523101008,s1,0.00,0.00,0.00,0,0,0.00,0.00,0.00,0,0,0.00,0.00,0,0
1523101008,s4-eth1,524274.00,10296.00,534570.00,10296,524274,177.00,156.00,333.00,156,177,0.00,0.00,0,0
1523101008,s4-eth3,5412.00,281390.00,286802.00,281390,5412,82.00,95.00,177.00,95,82,0.00,0.00,0,0
1523101008,s4-eth2,4884.00,245846.00,250730.00,245846,4884,74.00,83.00,157.00,83,74,0.00,0.00,0,0
1523101008,s2,0.00,0.00,0.00,0,0,0.00,0.00,0.00,0,0,0.00,0.00,0,0
1523101008,s5-eth1,281390.00,5412.00,286802.00,5412,281390,95.00,82.00,177.00,82,95,0.00,0.00,0,0
1523101008,s5-eth2,5478.00,278428.00,283906.00,278428,5478,83.00,94.00,177.00,94,83,0.00,0.00,0,0
1523101008,total,3963320.00,4105448.00,8068768.00,4105448,3963320,2524.00,2572.00,5096.00,2572,2524,0.00,0.00,0,0
1523101009,s3,0.00,0.00,0.00,0,0,0.00,0.00,0.00,0,0,0.00,0.00,0,0
1523101009,s1-eth1,1229704.00,41806.00,1271510.00,41806,1229704,488.00,487.00,975.00,487,488,0.00,0.00,0,0
1523101009,s1-eth3,34710.00,1032912.00,1067622.00,1032912,34710,411.00,512.00,923.00,512,411,0.00,0.00,0,0
1523101009,s1-eth2,7088.00,221304.00,228392.00,221304,7088,76.00,128.00,204.00,128,76,0.00,0.00,0,0
1523101009,s4,0.00,0.00,0.00,0,0,0.00,0.00,0.00,0,0,0.00,0.00,0,0
1523101009,s2-eth1,1032912.00,34710.00,1067622.00,34710,1032912,512.00,411.00,923.00,411,512,0.00,0.00,0,0
1523101009,s2-eth3,25436.00,778828.00,804264.00,778828,25436,306.00,370.00,676.00,370,306,0.00,0.00,0,0
1523101009,s2-eth2,9180.00,251122.00,260302.00,251122,9180,104.00,141.00,245.00,141,104,0.00,0.00,0,0
1523101009,s5,0.00,0.00,0.00,0,0,0.00,0.00,0.00,0,0,0.00,0.00,0,0
1523101009,s3-eth1,778828.00,25436.00,804264.00,25436,778828,370.00,306.00,676.00,306,370,0.00,0.00,0,0
1523101009,s3-eth3,15752.00,535210.00,550962.00,535210,15752,196.00,233.00,429.00,233,196,0.00,0.00,0,0
1523101009,s3-eth2,9684.00,243618.00,253302.00,243618,9684,110.00,137.00,247.00,137,110,0.00,0.00,0,0
1523101009,eth0,134.00,66.00,200.00,66,134,1.00,1.00,2.00,1,1,0.00,0.00,0,0
1523101009,eth1,0.00,0.00,0.00,0,0,0.00,0.00,0.00,0,0,0.00,0.00,0,0
1523101009,lo,0.00,0.00,0.00,0,0,0.00,0.00,0.00,0,0,0.00,0.00,0,0
1523101009,s1,0.00,0.00,0.00,0,0,0.00,0.00,0.00,0,0,0.00,0.00,0,0
1523101009,s4-eth1,535210.00,15752.00,550962.00,15752,535210,233.00,196.00,429.00,196,233,0.00,0.00,0,0
1523101009,s4-eth3,7194.00,297256.00,304450.00,297256,7194,99.00,116.00,215.00,116,99,0.00,0.00,0,0
1523101009,s4-eth2,8464.00,234992.00,243456.00,234992,8464,96.00,116.00,212.00,116,96,0.00,0.00,0,0
1523101009,s2,0.00,0.00,0.00,0,0,0.00,0.00,0.00,0,0,0.00,0.00,0,0
1523101009,s5-eth1,297256.00,7194.00,304450.00,7194,297256,116.00,99.00,215.00,99,116,0.00,0.00,0,0
1523101009,s5-eth2,7194.00,301732.00,308926.00,301732,7194,99.00,118.00,217.00,118,99,0.00,0.00,0,0
1523101009,total,3998746.00,4021938.00,8020684.00,4021938,3998746,3217.00,3371.00,6588.00,3371,3217,0.00,0.00,0,0
1523101010,s3,0.00,420.00,420.00,420,0,0.00,6.00,6.00,6,0,0.00,0.00,0,0
1523101010,s1-eth1,1243192.00,67812.00,1311004.00,67812,1243192,758.00,756.00,1514.00,756,758,0.00,0.00,0,0
1523101010,s1-eth3,53370.00,1028534.00,1081904.00,1028534,53370,601.00,599.00,1200.00,599,601,0.00,0.00,0,0
1523101010,s1-eth2,14870.00,287202.00,302072.00,287202,14870,161.00,183.00,344.00,183,161,0.00,0.00,0,0
1523101010,s4,0.00,420.00,420.00,420,0,0.00,6.00,6.00,6,0,0.00,0.00,0,0
1523101010,s2-eth1,1028534.00,53370.00,1081904.00,53370,1028534,599.00,601.00,1200.00,601,599,0.00,0.00,0,0
1523101010,s2-eth3,35942.00,719744.00,755686.00,719744,35942,399.00,418.00,817.00,418,399,0.00,0.00,0,0
1523101010,s2-eth2,17942.00,310304.00,328246.00,310304,17942,209.00,182.00,391.00,182,209,0.00,0.00,0,0
1523101010,s5,0.00,420.00,420.00,420,0,0.00,6.00,6.00,6,0,0.00,0.00,0,0
1523101010,s3-eth1,719744.00,35942.00,755686.00,35942,719744,418.00,399.00,817.00,399,418,0.00,0.00,0,0
1523101010,s3-eth3,24494.00,497116.00,521610.00,497116,24494,275.00,270.00,545.00,270,275,0.00,0.00,0,0
1523101010,s3-eth2,11868.00,227104.00,238972.00,227104,11868,130.00,150.00,280.00,150,130,0.00,0.00,0,0
1523101010,eth0,134.00,66.00,200.00,66,134,1.00,1.00,2.00,1,1,0.00,0.00,0,0
1523101010,eth1,0.00,0.00,0.00,0,0,0.00,0.00,0.00,0,0,0.00,0.00,0,0
1523101010,lo,8040.00,8040.00,16080.00,8040,8040,90.00,90.00,180.00,90,90,0.00,0.00,0,0
1523101010,s1,0.00,420.00,420.00,420,0,0.00,6.00,6.00,6,0,0.00,0.00,0,0
1523101010,s4-eth1,497116.00,24494.00,521610.00,24494,497116,270.00,275.00,545.00,275,270,0.00,0.00,0,0
1523101010,s4-eth3,18662.00,388174.00,406836.00,388174,18662,209.00,221.00,430.00,221,209,0.00,0.00,0,0
1523101010,s4-eth2,6280.00,108942.00,115222.00,108942,6280,72.00,49.00,121.00,49,72,0.00,0.00,0,0
1523101010,s2,0.00,420.00,420.00,420,0,0.00,6.00,6.00,6,0,0.00,0.00,0,0
1523101010,s5-eth1,388174.00,18662.00,406836.00,18662,388174,221.00,209.00,430.00,209,221,0.00,0.00,0,0
1523101010,s5-eth2,18662.00,383698.00,402360.00,383698,18662,209.00,219.00,428.00,219,209,0.00,0.00,0,0
1523101010,total,4087024.00,4161304.00,8248328.00,4161304,4087024,4622.00,4652.00,9274.00,4652,4622,0.00,0.00,0,0
1523101011,s3,0.00,0.00,0.00,0,0,0.00,0.00,0.00,0,0,0.00,0.00,0,0
1523101011,s1-eth1,1233140.00,36968.00,1270108.00,36968,1233140,540.00,534.00,1074.00,534,540,0.00,0.00,0,0
1523101011,s1-eth3,28912.00,993330.00,1022242.00,993330,28912,420.00,373.00,793.00,373,420,0.00,0.00,0,0
1523101011,s1-eth2,8142.00,207146.00,215288.00,207146,8142,115.00,89.00,204.00,89,115,0.00,0.00,0,0
1523101011,s4,0.00,0.00,0.00,0,0,0.00,0.00,0.00,0,0,0.00,0.00,0,0
1523101011,s2-eth1,993330.00,28912.00,1022242.00,28912,993330,373.00,420.00,793.00,420,373,0.00,0.00,0,0
1523101011,s2-eth3,22304.00,768874.00,791178.00,768874,22304,328.00,285.00,613.00,285,328,0.00,0.00,0,0
1523101011,s2-eth2,6542.00,225904.00,232446.00,225904,6542,91.00,88.00,179.00,88,91,0.00,0.00,0,0
1523101011,s5,0.00,0.00,0.00,0,0,0.00,0.00,0.00,0,0,0.00,0.00,0,0
1523101011,s3-eth1,768874.00,22304.00,791178.00,22304,768874,285.00,328.00,613.00,328,285,0.00,0.00,0,0
1523101011,s3-eth3,14016.00,570350.00,584366.00,570350,14016,212.00,195.00,407.00,195,212,0.00,0.00,0,0
1523101011,s3-eth2,8288.00,197010.00,205298.00,197010,8288,116.00,89.00,205.00,89,116,0.00,0.00,0,0
1523101011,eth0,134.00,66.00,200.00,66,134,1.00,1.00,2.00,1,1,0.00,0.00,0,0
1523101011,eth1,0.00,0.00,0.00,0,0,0.00,0.00,0.00,0,0,0.00,0.00,0,0
1523101011,lo,0.00,0.00,0.00,0,0,0.00,0.00,0.00,0,0,0.00,0.00,0,0
1523101011,s1,0.00,0.00,0.00,0,0,0.00,0.00,0.00,0,0,0.00,0.00,0,0
1523101011,s4-eth1,570350.00,14016.00,584366.00,14016,570350,195.00,212.00,407.00,212,195,0.00,0.00,0,0
1523101011,s4-eth3,9174.00,364326.00,373500.00,364326,9174,139.00,123.00,262.00,123,139,0.00,0.00,0,0
1523101011,s4-eth2,4842.00,206024.00,210866.00,206024,4842,73.00,72.00,145.00,72,73,0.00,0.00,0,0
1523101011,s2,0.00,0.00,0.00,0,0,0.00,0.00,0.00,0,0,0.00,0.00,0,0
1523101011,s5-eth1,364326.00,9174.00,373500.00,9174,364326,123.00,139.00,262.00,139,123,0.00,0.00,0,0
1523101011,s5-eth2,9174.00,364326.00,373500.00,364326,9174,139.00,123.00,262.00,123,139,0.00,0.00,0,0
1523101011,total,4041548.00,4008730.00,8050278.00,4008730,4041548,3150.00,3071.00,6221.00,3071,3150,0.00,0.00,0,0
1523101012,s3,0.00,0.00,0.00,0,0,0.00,0.00,0.00,0,0,0.00,0.00,0,0
1523101012,s1-eth1,1220344.00,27258.00,1247602.00,27258,1220344,412.00,413.00,825.00,413,412,0.00,0.00,0,0
1523101012,s1-eth3,22374.00,1027814.00,1050188.00,1027814,22374,339.00,347.00,686.00,347,339,0.00,0.00,0,0
1523101012,s1-eth2,4818.00,219188.00,224006.00,219188,4818,73.00,74.00,147.00,74,73,0.00,0.00,0,0
1523101012,s4,0.00,0.00,0.00,0,0,0.00,0.00,0.00,0,0,0.00,0.00,0,0
1523101012,s2-eth1,1027814.00,22374.00,1050188.00,22374,1027814,347.00,339.00,686.00,339,347,0.00,0.00,0,0
1523101012,s2-eth3,17094.00,779006.00,796100.00,779006,17094,259.00,263.00,522.00,263,259,0.00,0.00,0,0
1523101012,s2-eth2,5346.00,245846.00,251192.00,245846,5346,81.00,83.00,164.00,83,81,0.00,0.00,0,0
1523101012,s5,0.00,0.00,0.00,0,0,0.00,0.00,0.00,0,0,0.00,0.00,0,0
1523101012,s3-eth1,779006.00,17094.00,796100.00,17094,779006,263.00,259.00,522.00,259,263,0.00,0.00,0,0
1523101012,s3-eth3,12540.00,571666.00,584206.00,571666,12540,190.00,193.00,383.00,193,190,0.00,0.00,0,0
1523101012,s3-eth2,4488.00,207340.00,211828.00,207340,4488,68.00,70.00,138.00,70,68,0.00,0.00,0,0
1523101012,eth0,134.00,66.00,200.00,66,134,1.00,1.00,2.00,1,1,0.00,0.00,0,0
1523101012,eth1,0.00,0.00,0.00,0,0,0.00,0.00,0.00,0,0,0.00,0.00,0,0
1523101012,lo,0.00,0.00,0.00,0,0,0.00,0.00,0.00,0,0,0.00,0.00,0,0
1523101012,s1,0.00,0.00,0.00,0,0,0.00,0.00,0.00,0,0,0.00,0.00,0,0
1523101012,s4-eth1,571666.00,12540.00,584206.00,12540,571666,193.00,190.00,383.00,190,193,0.00,0.00,0,0
1523101012,s4-eth3,7656.00,346554.00,354210.00,346554,7656,116.00,117.00,233.00,117,116,0.00,0.00,0,0
1523101012,s4-eth2,4950.00,225112.00,230062.00,225112,4950,75.00,76.00,151.00,76,75,0.00,0.00,0,0
1523101012,s2,0.00,0.00,0.00,0,0,0.00,0.00,0.00,0,0,0.00,0.00,0,0
1523101012,s5-eth1,346554.00,7656.00,354210.00,7656,346554,117.00,116.00,233.00,116,117,0.00,0.00,0,0
1523101012,s5-eth2,7590.00,346554.00,354144.00,346554,7590,115.00,117.00,232.00,117,115,0.00,0.00,0,0
1523101012,total,4032374.00,4056068.00,8088442.00,4056068,4032374,2649.00,2658.00,5307.00,2658,2649,0.00,0.00,0,0
1523101013,s3,0.00,0.00,0.00,0,0,0.00,0.00,0.00,0,0,0.00,0.00,0,0
1523101013,s1-eth1,1226268.00,27258.00,1253526.00,27258,1226268,414.00,413.00,827.00,413,414,0.00,0.00,0,0
1523101013,s1-eth3,22902.00,1024852.00,1047754.00,1024852,22902,347.00,346.00,693.00,346,347,0.00,0.00,0,0
1523101013,s1-eth2,4422.00,198454.00,202876.00,198454,4422,67.00,67.00,134.00,67,67,0.00,0.00,0,0
1523101013,s4,0.00,0.00,0.00,0,0,0.00,0.00,0.00,0,0,0.00,0.00,0,0
1523101013,s2-eth1,1024852.00,22902.00,1047754.00,22902,1024852,346.00,347.00,693.00,347,346,0.00,0.00,0,0
1523101013,s2-eth3,17292.00,779006.00,796298.00,779006,17292,262.00,263.00,525.00,263,262,0.00,0.00,0,0
1523101013,s2-eth2,5544.00,248808.00,254352.00,248808,5544,84.00,84.00,168.00,84,84,0.00,0.00,0,0
1523101013,s5,0.00,0.00,0.00,0,0,0.00,0.00,0.00,0,0,0.00,0.00,0,0
1523101013,s3-eth1,779006.00,17292.00,796298.00,17292,779006,263.00,262.00,525.00,262,263,0.00,0.00,0,0
1523101013,s3-eth3,12474.00,556856.00,569330.00,556856,12474,189.00,188.00,377.00,188,189,0.00,0.00,0,0
1523101013,s3-eth2,4884.00,219188.00,224072.00,219188,4884,74.00,74.00,148.00,74,74,0.00,0.00,0,0
1523101013,eth0,134.00,66.00,200.00,66,134,1.00,1.00,2.00,1,1,0.00,0.00,0,0
1523101013,eth1,0.00,0.00,0.00,0,0,0.00,0.00,0.00,0,0,0.00,0.00,0,0
1523101013,lo,0.00,0.00,0.00,0,0,0.00,0.00,0.00,0,0,0.00,0.00,0,0
1523101013,s1,0.00,0.00,0.00,0,0,0.00,0.00,0.00,0,0,0.00,0.00,0,0
1523101013,s4-eth1,556856.00,12474.00,569330.00,12474,556856,188.00,189.00,377.00,189,188,0.00,0.00,0,0
1523101013,s4-eth3,8184.00,370250.00,378434.00,370250,8184,124.00,125.00,249.00,125,124,0.00,0.00,0,0
1523101013,s4-eth2,4224.00,189568.00,193792.00,189568,4224,64.00,64.00,128.00,64,64,0.00,0.00,0,0
1523101013,s2,0.00,0.00,0.00,0,0,0.00,0.00,0.00,0,0,0.00,0.00,0,0
1523101013,s5-eth1,370250.00,8184.00,378434.00,8184,370250,125.00,124.00,249.00,124,125,0.00,0.00,0,0
1523101013,s5-eth2,8250.00,370250.00,378500.00,370250,8250,125.00,125.00,250.00,125,125,0.00,0.00,0,0
1523101013,total,4045542.00,4045408.00,8090950.00,4045408,4045542,2673.00,2672.00,5345.00,2672,2673,0.00,0.00,0,0
1523101014,s3,0.00,0.00,0.00,0,0,0.00,0.00,0.00,0,0,0.00,0.00,0,0
1523101014,s1-eth1,1220344.00,27258.00,1247602.00,27258,1220344,412.00,413.00,825.00,413,412,0.00,0.00,0,0
1523101014,s1-eth3,22638.00,1015966.00,1038604.00,1015966,22638,343.00,343.00,686.00,343,343,0.00,0.00,0,0
1523101014,s1-eth2,4620.00,207340.00,211960.00,207340,4620,70.00,70.00,140.00,70,70,0.00,0.00,0,0
1523101014,s4,0.00,0.00,0.00,0,0,0.00,0.00,0.00,0,0,0.00,0.00,0,0
1523101014,s2-eth1,1015966.00,22638.00,1038604.00,22638,1015966,343.00,343.00,686.00,343,343,0.00,0.00,0,0
1523101014,s2-eth3,17556.00,790854.00,808410.00,790854,17556,266.00,267.00,533.00,267,266,0.00,0.00,0,0
1523101014,s2-eth2,5082.00,228074.00,233156.00,228074,5082,77.00,77.00,154.00,77,77,0.00,0.00,0,0
1523101014,s5,0.00,0.00,0.00,0,0,0.00,0.00,0.00,0,0,0.00,0.00,0,0
1523101014,s3-eth1,790854.00,17556.00,808410.00,17556,790854,267.00,266.00,533.00,266,267,0.00,0.00,0,0
1523101014,s3-eth3,13002.00,586476.00,599478.00,586476,13002,197.00,198.00,395.00,198,197,0.00,0.00,0,0
1523101014,s3-eth2,4554.00,204378.00,208932.00,204378,4554,69.00,69.00,138.00,69,69,0.00,0.00,0,0
1523101014,eth0,134.00,66.00,200.00,66,134,1.00,1.00,2.00,1,1,0.00,0.00,0,0
1523101014,eth1,0.00,0.00,0.00,0,0,0.00,0.00,0.00,0,0,0.00,0.00,0,0
1523101014,lo,0.00,0.00,0.00,0,0,0.00,0.00,0.00,0,0,0.00,0.00,0,0
1523101014,s1,0.00,0.00,0.00,0,0,0.00,0.00,0.00,0,0,0.00,0.00,0,0
1523101014,s4-eth1,586476.00,13002.00,599478.00,13002,586476,198.00,197.00,395.00,197,198,0.00,0.00,0,0
1523101014,s4-eth3,8448.00,379136.00,387584.00,379136,8448,128.00,128.00,256.00,128,128,0.00,0.00,0,0
1523101014,s4-eth2,4554.00,204378.00,208932.00,204378,4554,69.00,69.00,138.00,69,69,0.00,0.00,0,0
1523101014,s2,0.00,0.00,0.00,0,0,0.00,0.00,0.00,0,0,0.00,0.00,0,0
1523101014,s5-eth1,379136.00,8448.00,387584.00,8448,379136,128.00,128.00,256.00,128,128,0.00,0.00,0,0
1523101014,s5-eth2,8448.00,379136.00,387584.00,379136,8448,128.00,128.00,256.00,128,128,0.00,0.00,0,0
1523101014,total,4081812.00,4084706.00,8166518.00,4084706,4081812,2696.00,2697.00,5393.00,2697,2696,0.00,0.00,0,0
1523101015,s3,0.00,0.00,0.00,0,0,0.00,0.00,0.00,0,0,0.00,0.00,0,0
1523101015,s1-eth1,1223306.00,27258.00,1250564.00,27258,1223306,413.00,413.00,826.00,413,413,0.00,0.00,0,0
1523101015,s1-eth3,22176.00,1015966.00,1038142.00,1015966,22176,336.00,343.00,679.00,343,336,0.00,0.00,0,0
1523101015,s1-eth2,5016.00,231036.00,236052.00,231036,5016,76.00,78.00,154.00,78,76,0.00,0.00,0,0
1523101015,s4,0.00,0.00,0.00,0,0,0.00,0.00,0.00,0,0,0.00,0.00,0,0
1523101015,s2-eth1,1015966.00,22176.00,1038142.00,22176,1015966,343.00,336.00,679.00,336,343,0.00,0.00,0,0
1523101015,s2-eth3,16830.00,770120.00,786950.00,770120,16830,255.00,260.00,515.00,260,255,0.00,0.00,0,0
1523101015,s2-eth2,5412.00,245846.00,251258.00,245846,5412,82.00,83.00,165.00,83,82,0.00,0.00,0,0
1523101015,s5,0.00,0.00,0.00,0,0,0.00,0.00,0.00,0,0,0.00,0.00,0,0
1523101015,s3-eth1,770120.00,16830.00,786950.00,16830,770120,260.00,255.00,515.00,255,260,0.00,0.00,0,0
1523101015,s3-eth3,12474.00,574628.00,587102.00,574628,12474,189.00,194.00,383.00,194,189,0.00,0.00,0,0
1523101015,s3-eth2,4356.00,198454.00,202810.00,198454,4356,66.00,67.00,133.00,67,66,0.00,0.00,0,0
1523101015,eth0,134.00,66.00,200.00,66,134,1.00,1.00,2.00,1,1,0.00,0.00,0,0
1523101015,eth1,0.00,0.00,0.00,0,0,0.00,0.00,0.00,0,0,0.00,0.00,0,0
1523101015,lo,860.00,860.00,1720.00,860,860,15.00,15.00,30.00,15,15,0.00,0.00,0,0
1523101015,s1,0.00,0.00,0.00,0,0,0.00,0.00,0.00,0,0,0.00,0.00,0,0
1523101015,s4-eth1,574628.00,12474.00,587102.00,12474,574628,194.00,189.00,383.00,189,194,0.00,0.00,0,0
1523101015,s4-eth3,7326.00,331744.00,339070.00,331744,7326,111.00,112.00,223.00,112,111,0.00,0.00,0,0
1523101015,s4-eth2,5214.00,242884.00,248098.00,242884,5214,79.00,82.00,161.00,82,79,0.00,0.00,0,0
1523101015,s2,0.00,0.00,0.00,0,0,0.00,0.00,0.00,0,0,0.00,0.00,0,0
1523101015,s5-eth1,331744.00,7326.00,339070.00,7326,331744,112.00,111.00,223.00,111,112,0.00,0.00,0,0
1523101015,s5-eth2,7326.00,331744.00,339070.00,331744,7326,111.00,112.00,223.00,112,111,0.00,0.00,0,0
1523101015,total,4002888.00,4029412.00,8032300.00,4029412,4002888,2643.00,2651.00,5294.00,2651,2643,0.00,0.00,0,0
1523101016,s3,0.00,0.00,0.00,0,0,0.00,0.00,0.00,0,0,0.00,0.00,0,0
1523101016,s1-eth1,1223306.00,27258.00,1250564.00,27258,1223306,413.00,413.00,826.00,413,413,0.00,0.00,0,0
1523101016,s1-eth3,22704.00,1057434.00,1080138.00,1057434,22704,344.00,357.00,701.00,357,344,0.00,0.00,0,0
1523101016,s1-eth2,4554.00,213264.00,217818.00,213264,4554,69.00,72.00,141.00,72,69,0.00,0.00,0,0
1523101016,s4,0.00,0.00,0.00,0,0,0.00,0.00,0.00,0,0,0.00,0.00,0,0
1523101016,s2-eth1,1057434.00,22704.00,1080138.00,22704,1057434,357.00,344.00,701.00,344,357,0.00,0.00,0,0
1523101016,s2-eth3,17556.00,817512.00,835068.00,817512,17556,266.00,276.00,542.00,276,266,0.00,0.00,0,0
1523101016,s2-eth2,5148.00,236960.00,242108.00,236960,5148,78.00,80.00,158.00,80,78,0.00,0.00,0,0
1523101016,s5,0.00,0.00,0.00,0,0,0.00,0.00,0.00,0,0,0.00,0.00,0,0
1523101016,s3-eth1,817512.00,17556.00,835068.00,17556,817512,276.00,266.00,542.00,266,276,0.00,0.00,0,0
1523101016,s3-eth3,12870.00,592400.00,605270.00,592400,12870,195.00,200.00,395.00,200,195,0.00,0.00,0,0
1523101016,s3-eth2,4686.00,222150.00,226836.00,222150,4686,71.00,75.00,146.00,75,71,0.00,0.00,0,0
1523101016,eth0,134.00,66.00,200.00,66,134,1.00,1.00,2.00,1,1,0.00,0.00,0,0
1523101016,eth1,0.00,0.00,0.00,0,0,0.00,0.00,0.00,0,0,0.00,0.00,0,0
1523101016,lo,0.00,0.00,0.00,0,0,0.00,0.00,0.00,0,0,0.00,0.00,0,0
1523101016,s1,0.00,0.00,0.00,0,0,0.00,0.00,0.00,0,0,0.00,0.00,0,0
1523101016,s4-eth1,592400.00,12870.00,605270.00,12870,592400,200.00,195.00,395.00,195,200,0.00,0.00,0,0
1523101016,s4-eth3,8250.00,379136.00,387386.00,379136,8250,125.00,128.00,253.00,128,125,0.00,0.00,0,0
1523101016,s4-eth2,4620.00,216226.00,220846.00,216226,4620,70.00,73.00,143.00,73,70,0.00,0.00,0,0
1523101016,s2,0.00,0.00,0.00,0,0,0.00,0.00,0.00,0,0,0.00,0.00,0,0
1523101016,s5-eth1,379136.00,8250.00,387386.00,8250,379136,128.00,125.00,253.00,125,128,0.00,0.00,0,0
1523101016,s5-eth2,8250.00,379136.00,387386.00,379136,8250,125.00,128.00,253.00,128,125,0.00,0.00,0,0
1523101016,total,4158560.00,4202922.00,8361482.00,4202922,4158560,2718.00,2733.00,5451.00,2733,2718,0.00,0.00,0,0
1523101017,s3,0.00,0.00,0.00,0,0,0.00,0.00,0.00,0,0,0.00,0.00,0,0
1523101017,s1-eth1,1223306.00,27258.00,1250564.00,27258,1223306,413.00,413.00,826.00,413,413,0.00,0.00,0,0
1523101017,s1-eth3,22374.00,1078168.00,1100542.00,1078168,22374,339.00,364.00,703.00,364,339,0.00,0.00,0,0
1523101017,s1-eth2,4884.00,236960.00,241844.00,236960,4884,74.00,80.00,154.00,80,74,0.00,0.00,0,0
1523101017,s4,0.00,0.00,0.00,0,0,0.00,0.00,0.00,0,0,0.00,0.00,0,0
1523101017,s2-eth1,1078168.00,22374.00,1100542.00,22374,1078168,364.00,339.00,703.00,339,364,0.00,0.00,0,0
1523101017,s2-eth3,17094.00,817512.00,834606.00,817512,17094,259.00,276.00,535.00,276,259,0.00,0.00,0,0
1523101017,s2-eth2,5280.00,257694.00,262974.00,257694,5280,80.00,87.00,167.00,87,80,0.00,0.00,0,0
1523101017,s5,0.00,0.00,0.00,0,0,0.00,0.00,0.00,0,0,0.00,0.00,0,0
1523101017,s3-eth1,817512.00,17094.00,834606.00,17094,817512,276.00,259.00,535.00,259,276,0.00,0.00,0,0
1523101017,s3-eth3,12540.00,601286.00,613826.00,601286,12540,190.00,203.00,393.00,203,190,0.00,0.00,0,0
1523101017,s3-eth2,4488.00,219188.00,223676.00,219188,4488,68.00,74.00,142.00,74,68,0.00,0.00,0,0
1523101017,eth0,134.00,66.00,200.00,66,134,1.00,1.00,2.00,1,1,0.00,0.00,0,0
1523101017,eth1,0.00,0.00,0.00,0,0,0.00,0.00,0.00,0,0,0.00,0.00,0,0
1523101017,lo,0.00,0.00,0.00,0,0,0.00,0.00,0.00,0,0,0.00,0.00,0,0
1523101017,s1,0.00,0.00,0.00,0,0,0.00,0.00,0.00,0,0,0.00,0.00,0,0
1523101017,s4-eth1,601286.00,12540.00,613826.00,12540,601286,203.00,190.00,393.00,190,203,0.00,0.00,0,0
1523101017,s4-eth3,7062.00,328782.00,335844.00,328782,7062,107.00,111.00,218.00,111,107,0.00,0.00,0,0
1523101017,s4-eth2,5478.00,269542.00,275020.00,269542,5478,83.00,91.00,174.00,91,83,0.00,0.00,0,0
1523101017,s2,0.00,0.00,0.00,0,0,0.00,0.00,0.00,0,0,0.00,0.00,0,0
1523101017,s5-eth1,328782.00,7062.00,335844.00,7062,328782,111.00,107.00,218.00,107,111,0.00,0.00,0,0
1523101017,s5-eth2,6996.00,331744.00,338740.00,331744,6996,106.00,112.00,218.00,112,106,0.00,0.00,0,0
1523101017,total,4135384.00,4227270.00,8362654.00,4227270,4135384,2674.00,2707.00,5381.00,2707,2674,0.00,0.00,0,0
1523101018,s3,0.00,0.00,0.00,0,0,0.00,0.00,0.00,0,0,0.00,0.00,0,0
1523101018,s1-eth1,1226268.00,27258.00,1253526.00,27258,1226268,414.00,413.00,827.00,413,414,0.00,0.00,0,0
1523101018,s1-eth3,22440.00,1125560.00,1148000.00,1125560,22440,340.00,380.00,720.00,380,340,0.00,0.00,0,0
1523101018,s1-eth2,4884.00,245846.00,250730.00,245846,4884,74.00,83.00,157.00,83,74,0.00,0.00,0,0
1523101018,s4,0.00,0.00,0.00,0,0,0.00,0.00,0.00,0,0,0.00,0.00,0,0
1523101018,s2-eth1,1125560.00,22440.00,1148000.00,22440,1125560,380.00,340.00,720.00,340,380,0.00,0.00,0,0
1523101018,s2-eth3,17358.00,876752.00,894110.00,876752,17358,263.00,296.00,559.00,296,263,0.00,0.00,0,0
1523101018,s2-eth2,5016.00,251770.00,256786.00,251770,5016,76.00,85.00,161.00,85,76,0.00,0.00,0,0
1523101018,s5,0.00,0.00,0.00,0,0,0.00,0.00,0.00,0,0,0.00,0.00,0,0
1523101018,s3-eth1,876752.00,17358.00,894110.00,17358,876752,296.00,263.00,559.00,263,296,0.00,0.00,0,0
1523101018,s3-eth3,12012.00,601286.00,613298.00,601286,12012,182.00,203.00,385.00,203,182,0.00,0.00,0,0
1523101018,s3-eth2,5412.00,272504.00,277916.00,272504,5412,82.00,92.00,174.00,92,82,0.00,0.00,0,0
1523101018,eth0,134.00,66.00,200.00,66,134,1.00,1.00,2.00,1,1,0.00,0.00,0,0
1523101018,eth1,0.00,0.00,0.00,0,0,0.00,0.00,0.00,0,0,0.00,0.00,0,0
1523101018,lo,0.00,0.00,0.00,0,0,0.00,0.00,0.00,0,0,0.00,0.00,0,0
1523101018,s1,0.00,0.00,0.00,0,0,0.00,0.00,0.00,0,0,0.00,0.00,0,0
1523101018,s4-eth1,601286.00,12012.00,613298.00,12012,601286,203.00,182.00,385.00,182,203,0.00,0.00,0,0
1523101018,s4-eth3,7326.00,361364.00,368690.00,361364,7326,111.00,122.00,233.00,122,111,0.00,0.00,0,0
1523101018,s4-eth2,4686.00,239922.00,244608.00,239922,4686,71.00,81.00,152.00,81,71,0.00,0.00,0,0
1523101018,s2,0.00,0.00,0.00,0,0,0.00,0.00,0.00,0,0,0.00,0.00,0,0
1523101018,s5-eth1,361364.00,7326.00,368690.00,7326,361364,122.00,111.00,233.00,111,122,0.00,0.00,0,0
1523101018,s5-eth2,7392.00,358402.00,365794.00,358402,7392,112.00,121.00,233.00,121,112,0.00,0.00,0,0
1523101018,total,4277890.00,4419866.00,8697756.00,4419866,4277890,2727.00,2773.00,5500.00,2773,2727,0.00,0.00,0,0
1523101019,s3,0.00,0.00,0.00,0,0,0.00,0.00,0.00,0,0,0.00,0.00,0,0
1523101019,s1-eth1,1225818.00,38882.00,1264700.00,38882,1225818,473.00,473.00,946.00,473,473,0.00,0.00,0,0
1523101019,s1-eth3,33056.00,996642.00,1029698.00,996642,33056,402.00,489.00,891.00,489,402,0.00,0.00,0,0
1523101019,s1-eth2,5732.00,218734.00,224466.00,218734,5732,70.00,111.00,181.00,111,70,0.00,0.00,0,0
1523101019,s4,0.00,0.00,0.00,0,0,0.00,0.00,0.00,0,0,0.00,0.00,0,0
1523101019,s2-eth1,996642.00,33056.00,1029698.00,33056,996642,489.00,402.00,891.00,402,489,0.00,0.00,0,0
1523101019,s2-eth3,25236.00,762442.00,787678.00,762442,25236,306.00,385.00,691.00,385,306,0.00,0.00,0,0
1523101019,s2-eth2,7792.00,253948.00,261740.00,253948,7792,96.00,118.00,214.00,118,96,0.00,0.00,0,0
1523101019,s5,0.00,0.00,0.00,0,0,0.00,0.00,0.00,0,0,0.00,0.00,0,0
1523101019,s3-eth1,762442.00,25236.00,787678.00,25236,762442,385.00,306.00,691.00,306,385,0.00,0.00,0,0
1523101019,s3-eth3,18102.00,533704.00,551806.00,533704,18102,219.00,276.00,495.00,276,219,0.00,0.00,0,0
1523101019,s3-eth2,7134.00,230252.00,237386.00,230252,7134,87.00,110.00,197.00,110,87,0.00,0.00,0,0
1523101019,eth0,134.00,241.00,375.00,241,134,1.00,2.00,3.00,2,1,0.00,0.00,0,0
1523101019,eth1,0.00,0.00,0.00,0,0,0.00,0.00,0.00,0,0,0.00,0.00,0,0
1523101019,lo,0.00,0.00,0.00,0,0,0.00,0.00,0.00,0,0,0.00,0.00,0,0
1523101019,s1,0.00,0.00,0.00,0,0,0.00,0.00,0.00,0,0,0.00,0.00,0,0
1523101019,s4-eth1,533704.00,18102.00,551806.00,18102,533704,276.00,219.00,495.00,219,276,0.00,0.00,0,0
1523101019,s4-eth3,10914.00,293118.00,304032.00,293118,10914,125.00,163.00,288.00,163,125,0.00,0.00,0,0
1523101019,s4-eth2,7188.00,249670.00,256858.00,249670,7188,94.00,119.00,213.00,119,94,0.00,0.00,0,0
1523101019,s2,0.00,0.00,0.00,0,0,0.00,0.00,0.00,0,0,0.00,0.00,0,0
1523101019,s5-eth1,293118.00,10914.00,304032.00,10914,293118,163.00,125.00,288.00,125,163,0.00,0.00,0,0
1523101019,s5-eth2,10914.00,294632.00,305546.00,294632,10914,125.00,164.00,289.00,164,125,0.00,0.00,0,0
1523101019,total,3937926.00,3959573.00,7897499.00,3959573,3937926,3311.00,3462.00,6773.00,3462,3311,0.00,0.00,0,0
1523101020,s3,0.00,0.00,0.00,0,0,0.00,0.00,0.00,0,0,0.00,0.00,0,0
1523101020,s1-eth1,1248646.00,66712.00,1315358.00,66712,1248646,775.00,750.00,1525.00,750,775,0.00,0.00,0,0
1523101020,s1-eth3,60536.00,1114292.00,1174828.00,1114292,60536,684.00,670.00,1354.00,670,684,0.00,0.00,0,0
1523101020,s1-eth2,6204.00,183194.00,189398.00,183194,6204,66.00,121.00,187.00,121,66,0.00,0.00,0,0
1523101020,s4,0.00,0.00,0.00,0,0,0.00,0.00,0.00,0,0,0.00,0.00,0,0
1523101020,s2-eth1,1114292.00,60536.00,1174828.00,60536,1114292,670.00,684.00,1354.00,684,670,0.00,0.00,0,0
1523101020,s2-eth3,46776.00,859020.00,905796.00,859020,46776,528.00,510.00,1038.00,510,528,0.00,0.00,0,0
1523101020,s2-eth2,13854.00,235524.00,249378.00,235524,13854,157.00,146.00,303.00,146,157,0.00,0.00,0,0
1523101020,s5,0.00,0.00,0.00,0,0,0.00,0.00,0.00,0,0,0.00,0.00,0,0
1523101020,s3-eth1,859020.00,46776.00,905796.00,46776,859020,510.00,528.00,1038.00,528,510,0.00,0.00,0,0
1523101020,s3-eth3,33886.00,578278.00,612164.00,578278,33886,377.00,359.00,736.00,359,377,0.00,0.00,0,0
1523101020,s3-eth2,12824.00,279228.00,292052.00,279228,12824,150.00,150.00,300.00,150,150,0.00,0.00,0,0
1523101020,eth0,134.00,66.00,200.00,66,134,1.00,1.00,2.00,1,1,0.00,0.00,0,0
1523101020,eth1,0.00,0.00,0.00,0,0,0.00,0.00,0.00,0,0,0.00,0.00,0,0
1523101020,lo,860.00,860.00,1720.00,860,860,15.00,15.00,30.00,15,15,0.00,0.00,0,0
1523101020,s1,0.00,0.00,0.00,0,0,0.00,0.00,0.00,0,0,0.00,0.00,0,0
1523101020,s4-eth1,578278.00,33886.00,612164.00,33886,578278,359.00,377.00,736.00,377,359,0.00,0.00,0,0
1523101020,s4-eth3,17566.00,304376.00,321942.00,304376,17566,199.00,180.00,379.00,180,199,0.00,0.00,0,0
1523101020,s4-eth2,16320.00,264818.00,281138.00,264818,16320,178.00,173.00,351.00,173,178,0.00,0.00,0,0
1523101020,s2,0.00,0.00,0.00,0,0,0.00,0.00,0.00,0,0,0.00,0.00,0,0
1523101020,s5-eth1,304376.00,17566.00,321942.00,17566,304376,180.00,199.00,379.00,199,180,0.00,0.00,0,0
1523101020,s5-eth2,17566.00,304376.00,321942.00,304376,17566,199.00,180.00,379.00,180,199,0.00,0.00,0,0
1523101020,total,4331138.00,4349508.00,8680646.00,4349508,4331138,5048.00,5043.00,10091.00,5043,5048,0.00,0.00,0,0
1523101021,s3,0.00,0.00,0.00,0,0,0.00,0.00,0.00,0,0,0.00,0.00,0,0
1523101021,s1-eth1,1226218.00,32228.00,1258446.00,32228,1226218,501.00,462.00,963.00,462,501,0.00,0.00,0,0
1523101021,s1-eth3,22890.00,972262.00,995152.00,972262,22890,343.00,339.00,682.00,339,343,0.00,0.00,0,0
1523101021,s1-eth2,9338.00,266980.00,276318.00,266980,9338,119.00,118.00,237.00,118,119,0.00,0.00,0,0
1523101021,s4,0.00,0.00,0.00,0,0,0.00,0.00,0.00,0,0,0.00,0.00,0,0
1523101021,s2-eth1,972262.00,22890.00,995152.00,22890,972262,339.00,343.00,682.00,343,339,0.00,0.00,0,0
1523101021,s2-eth3,18006.00,767884.00,785890.00,767884,18006,269.00,270.00,539.00,270,269,0.00,0.00,0,0
1523101021,s2-eth2,4884.00,210302.00,215186.00,210302,4884,74.00,71.00,145.00,71,74,0.00,0.00,0,0
1523101021,s5,0.00,0.00,0.00,0,0,0.00,0.00,0.00,0,0,0.00,0.00,0,0
1523101021,s3-eth1,767884.00,18006.00,785890.00,18006,767884,270.00,269.00,539.00,269,270,0.00,0.00,0,0
1523101021,s3-eth3,11472.00,471684.00,483156.00,471684,11472,170.00,170.00,340.00,170,170,0.00,0.00,0,0
1523101021,s3-eth2,6534.00,299162.00,305696.00,299162,6534,99.00,101.00,200.00,101,99,0.00,0.00,0,0
1523101021,eth0,134.00,66.00,200.00,66,134,1.00,1.00,2.00,1,1,0.00,0.00,0,0
1523101021,eth1,0.00,0.00,0.00,0,0,0.00,0.00,0.00,0,0,0.00,0.00,0,0
1523101021,lo,0.00,0.00,0.00,0,0,0.00,0.00,0.00,0,0,0.00,0.00,0,0
1523101021,s1,0.00,0.00,0.00,0,0,0.00,0.00,0.00,0,0,0.00,0.00,0,0
1523101021,s4-eth1,471212.81,11460.54,482673.34,11472,471684,169.83,169.83,339.66,170,170,0.00,0.00,0,0
1523101021,s4-eth3,6647.35,258161.84,264809.19,258420,6654,96.90,97.90,194.81,98,97,0.00,0.00,0,0
1523101021,s4-eth2,4813.19,213050.95,217864.14,213264,4818,72.93,71.93,144.86,72,73,0.00,0.00,0,0
1523101021,s2,0.00,0.00,0.00,0,0,0.00,0.00,0.00,0,0,0.00,0.00,0,0
1523101021,s5-eth1,258161.84,6647.35,264809.19,6654,258420,97.90,96.90,194.81,97,98,0.00,0.00,0,0
1523101021,s5-eth2,6647.35,256649.36,263296.72,256906,6654,96.90,96.90,193.81,97,97,0.00,0.00,0,0
1523101021,total,3784068.00,3804375.75,7588444.00,3808180,3787852,2717.28,2675.32,5392.61,2678,2720,0.00,0.00,0,0
1523101022,s3,0.00,0.00,0.00,0,0,0.00,0.00,0.00,0,0,0.00,0.00,0,0
1523101022,s1-eth1,1225043.00,27230.77,1252273.75,27258,1226268,413.59,412.59,826.17,413,414,0.00,0.00,0,0
1523101022,s1-eth3,21032.97,955770.25,976803.25,956726,21054,318.68,322.68,641.36,323,319,0.00,0.00,0,0
1523101022,s1-eth2,6263.74,287026.97,293290.72,287314,6270,94.91,96.90,191.81,97,95,0.00,0.00,0,0
1523101022,s4,0.00,0.00,0.00,0,0,0.00,0.00,0.00,0,0,0.00,0.00,0,0
1523101022,s2-eth1,955770.25,21032.97,976803.25,21054,956726,322.68,318.68,641.36,319,323,0.00,0.00,0,0
1523101022,s2-eth3,16549.45,754555.44,771104.94,755310,16566,250.75,254.75,505.49,255,251,0.00,0.00,0,0
1523101022,s2-eth2,4417.58,198255.75,202673.33,198454,4422,66.93,66.93,133.87,67,67,0.00,0.00,0,0
1523101022,s5,0.00,0.00,0.00,0,0,0.00,0.00,0.00,0,0,0.00,0.00,0,0
1523101022,s3-eth1,754555.44,16549.45,771104.94,16566,755310,254.75,250.75,505.49,251,255,0.00,0.00,0,0
1523101022,s3-eth3,10483.52,473446.56,483930.09,473920,10494,158.84,159.84,318.68,160,159,0.00,0.00,0,0
1523101022,s3-eth2,6131.87,278149.84,284281.72,278428,6138,92.91,93.91,186.81,94,93,0.00,0.00,0,0
1523101022,eth0,133.87,65.93,199.80,66,134,1.00,1.00,2.00,1,1,0.00,0.00,0,0
1523101022,eth1,0.00,0.00,0.00,0,0,0.00,0.00,0.00,0,0,0.00,0.00,0,0
1523101022,lo,0.00,0.00,0.00,0,0,0.00,0.00,0.00,0,0,0.00,0.00,0,0
1523101022,s1,0.00,0.00,0.00,0,0,0.00,0.00,0.00,0,0,0.00,0.00,0,0
1523101022,s4-eth1,473920.00,10494.00,484414.00,10494,473920,160.00,159.00,319.00,159,160,0.00,0.00,0,0
1523101022,s4-eth3,5478.00,251770.00,257248.00,251770,5478,83.00,85.00,168.00,85,83,0.00,0.00,0,0
1523101022,s4-eth2,5016.00,225112.00,230128.00,225112,5016,76.00,76.00,152.00,76,76,0.00,0.00,0,0
1523101022,s2,0.00,0.00,0.00,0,0,0.00,0.00,0.00,0,0,0.00,0.00,0,0
1523101022,s5-eth1,251770.00,5478.00,257248.00,5478,251770,85.00,83.00,168.00,83,85,0.00,0.00,0,0
1523101022,s5-eth2,5478.00,251770.00,257248.00,251770,5478,83.00,85.00,168.00,85,83,0.00,0.00,0,0
1523101022,total,3745044.00,3759720.00,7504764.00,3759720,3745044,2464.00,2468.00,4932.00,2468,2464,0.00,0.00,0,0
1523101023,s3,0.00,0.00,0.00,0,0,0.00,0.00,0.00,0,0,0.00,0.00,0,0
1523101023,s1-eth1,1220344.00,27258.00,1247602.00,27258,1220344,412.00,413.00,825.00,413,412,0.00,0.00,0,0
1523101023,s1-eth3,20790.00,935992.00,956782.00,935992,20790,315.00,316.00,631.00,316,315,0.00,0.00,0,0
1523101023,s1-eth2,6402.00,287314.00,293716.00,287314,6402,97.00,97.00,194.00,97,97,0.00,0.00,0,0
1523101023,s4,0.00,0.00,0.00,0,0,0.00,0.00,0.00,0,0,0.00,0.00,0,0
1523101023,s2-eth1,935992.00,20790.00,956782.00,20790,935992,316.00,315.00,631.00,315,316,0.00,0.00,0,0
1523101023,s2-eth3,16500.00,734576.00,751076.00,734576,16500,250.00,248.00,498.00,248,250,0.00,0.00,0,0
1523101023,s2-eth2,4356.00,195492.00,199848.00,195492,4356,66.00,66.00,132.00,66,66,0.00,0.00,0,0
1523101023,s5,0.00,0.00,0.00,0,0,0.00,0.00,0.00,0,0,0.00,0.00,0,0
1523101023,s3-eth1,734576.00,16500.00,751076.00,16500,734576,248.00,250.00,498.00,250,248,0.00,0.00,0,0
1523101023,s3-eth3,10164.00,453186.00,463350.00,453186,10164,154.00,153.00,307.00,153,154,0.00,0.00,0,0
1523101023,s3-eth2,6270.00,281390.00,287660.00,281390,6270,95.00,95.00,190.00,95,95,0.00,0.00,0,0
1523101023,eth0,476.00,656.00,1132.00,656,476,2.00,2.00,4.00,2,2,0.00,0.00,0,0
1523101023,eth1,0.00,0.00,0.00,0,0,0.00,0.00,0.00,0,0,0.00,0.00,0,0
1523101023,lo,0.00,0.00,0.00,0,0,0.00,0.00,0.00,0,0,0.00,0.00,0,0
1523101023,s1,0.00,0.00,0.00,0,0,0.00,0.00,0.00,0,0,0.00,0.00,0,0
1523101023,s4-eth1,453186.00,10164.00,463350.00,10164,453186,153.00,154.00,307.00,154,153,0.00,0.00,0,0
1523101023,s4-eth3,6006.00,266580.00,272586.00,266580,6006,91.00,90.00,181.00,90,91,0.00,0.00,0,0
1523101023,s4-eth2,4158.00,183644.00,187802.00,183644,4158,63.00,62.00,125.00,62,63,0.00,0.00,0,0
1523101023,s2,0.00,0.00,0.00,0,0,0.00,0.00,0.00,0,0,0.00,0.00,0,0
1523101023,s5-eth1,266580.00,6006.00,272586.00,6006,266580,90.00,91.00,181.00,91,90,0.00,0.00,0,0
1523101023,s5-eth2,6006.00,269542.00,275548.00,269542,6006,91.00,91.00,182.00,91,91,0.00,0.00,0,0
1523101023,total,3691806.00,3689090.00,7380896.00,3689090,3691806,2443.00,2443.00,4886.00,2443,2443,0.00,0.00,0,0
1523101024,s3,0.00,0.00,0.00,0,0,0.00,0.00,0.00,0,0,0.00,0.00,0,0
1523101024,s1-eth1,1223306.00,27258.00,1250564.00,27258,1223306,413.00,413.00,826.00,413,413,0.00,0.00,0,0
1523101024,s1-eth3,21384.00,971536.00,992920.00,971536,21384,324.00,328.00,652.00,328,324,0.00,0.00,0,0
1523101024,s1-eth2,5874.00,263618.00,269492.00,263618,5874,89.00,89.00,178.00,89,89,0.00,0.00,0,0
1523101024,s4,0.00,0.00,0.00,0,0,0.00,0.00,0.00,0,0,0.00,0.00,0,0
1523101024,s2-eth1,971536.00,21384.00,992920.00,21384,971536,328.00,324.00,652.00,324,328,0.00,0.00,0,0
1523101024,s2-eth3,16830.00,764196.00,781026.00,764196,16830,255.00,258.00,513.00,258,255,0.00,0.00,0,0
1523101024,s2-eth2,4554.00,207340.00,211894.00,207340,4554,69.00,70.00,139.00,70,69,0.00,0.00,0,0
1523101024,s5,0.00,0.00,0.00,0,0,0.00,0.00,0.00,0,0,0.00,0.00,0,0
1523101024,s3-eth1,764196.00,16830.00,781026.00,16830,764196,258.00,255.00,513.00,255,258,0.00,0.00,0,0
1523101024,s3-eth3,10230.00,467996.00,478226.00,467996,10230,155.00,158.00,313.00,158,155,0.00,0.00,0,0
1523101024,s3-eth2,6666.00,299162.00,305828.00,299162,6666,101.00,101.00,202.00,101,101,0.00,0.00,0,0
1523101024,eth0,134.00,66.00,200.00,66,134,1.00,1.00,2.00,1,1,0.00,0.00,0,0
1523101024,eth1,0.00,0.00,0.00,0,0,0.00,0.00,0.00,0,0,0.00,0.00,0,0
1523101024,lo,0.00,0.00,0.00,0,0,0.00,0.00,0.00,0,0,0.00,0.00,0,0
1523101024,s1,0.00,0.00,0.00,0,0,0.00,0.00,0.00,0,0,0.00,0.00,0,0
1523101024,s4-eth1,467996.00,10230.00,478226.00,10230,467996,158.00,155.00,313.00,155,158,0.00,0.00,0,0
1523101024,s4-eth3,5610.00,254732.00,260342.00,254732,5610,85.00,86.00,171.00,86,85,0.00,0.00,0,0
1523101024,s4-eth2,4620.00,213264.00,217884.00,213264,4620,70.00,72.00,142.00,72,70,0.00,0.00,0,0
1523101024,s2,0.00,0.00,0.00,0,0,0.00,0.00,0.00,0,0,0.00,0.00,0,0
1523101024,s5-eth1,254732.00,5610.00,260342.00,5610,254732,86.00,85.00,171.00,85,86,0.00,0.00,0,0
1523101024,s5-eth2,5610.00,251770.00,257380.00,251770,5610,85.00,85.00,170.00,85,85,0.00,0.00,0,0
1523101024,total,3763278.00,3774992.00,7538270.00,3774992,3763278,2477.00,2480.00,4957.00,2480,2477,0.00,0.00,0,0
1523101025,s3,0.00,0.00,0.00,0,0,0.00,0.00,0.00,0,0,0.00,0.00,0,0
1523101025,s1-eth1,1223306.00,27258.00,1250564.00,27258,1223306,413.00,413.00,826.00,413,413,0.00,0.00,0,0
1523101025,s1-eth3,21252.00,968574.00,989826.00,968574,21252,322.00,327.00,649.00,327,322,0.00,0.00,0,0
1523101025,s1-eth2,6006.00,272504.00,278510.00,272504,6006,91.00,92.00,183.00,92,91,0.00,0.00,0,0
1523101025,s4,0.00,0.00,0.00,0,0,0.00,0.00,0.00,0,0,0.00,0.00,0,0
1523101025,s2-eth1,968574.00,21252.00,989826.00,21252,968574,327.00,322.00,649.00,322,327,0.00,0.00,0,0
1523101025,s2-eth3,16896.00,770120.00,787016.00,770120,16896,256.00,260.00,516.00,260,256,0.00,0.00,0,0
1523101025,s2-eth2,4356.00,201416.00,205772.00,201416,4356,66.00,68.00,134.00,68,66,0.00,0.00,0,0
1523101025,s5,0.00,0.00,0.00,0,0,0.00,0.00,0.00,0,0,0.00,0.00,0,0
1523101025,s3-eth1,770120.00,16896.00,787016.00,16896,770120,260.00,256.00,516.00,256,260,0.00,0.00,0,0
1523101025,s3-eth3,10956.00,500578.00,511534.00,500578,10956,166.00,169.00,335.00,169,166,0.00,0.00,0,0
1523101025,s3-eth2,5874.00,269542.00,275416.00,269542,5874,89.00,91.00,180.00,91,89,0.00,0.00,0,0
1523101025,eth0,134.00,66.00,200.00,66,134,1.00,1.00,2.00,1,1,0.00,0.00,0,0
1523101025,eth1,0.00,0.00,0.00,0,0,0.00,0.00,0.00,0,0,0.00,0.00,0,0
1523101025,lo,860.00,860.00,1720.00,860,860,15.00,15.00,30.00,15,15,0.00,0.00,0,0
1523101025,s1,0.00,0.00,0.00,0,0,0.00,0.00,0.00,0,0,0.00,0.00,0,0
1523101025,s4-eth1,500578.00,10956.00,511534.00,10956,500578,169.00,166.00,335.00,166,169,0.00,0.00,0,0
1523101025,s4-eth3,5544.00,251770.00,257314.00,251770,5544,84.00,85.00,169.00,85,84,0.00,0.00,0,0
1523101025,s4-eth2,5412.00,248808.00,254220.00,248808,5412,82.00,84.00,166.00,84,82,0.00,0.00,0,0
1523101025,s2,0.00,0.00,0.00,0,0,0.00,0.00,0.00,0,0,0.00,0.00,0,0
1523101025,s5-eth1,251770.00,5544.00,257314.00,5544,251770,85.00,84.00,169.00,84,85,0.00,0.00,0,0
1523101025,s5-eth2,5544.00,251770.00,257314.00,251770,5544,84.00,85.00,169.00,85,84,0.00,0.00,0,0
1523101025,total,3797182.00,3817914.00,7615096.00,3817914,3797182,2510.00,2518.00,5028.00,2518,2510,0.00,0.00,0,0
1523101026,s3,0.00,0.00,0.00,0,0,0.00,0.00,0.00,0,0,0.00,0.00,0,0
1523101026,s1-eth1,1223306.00,27258.00,1250564.00,27258,1223306,413.00,413.00,826.00,413,413,0.00,0.00,0,0
1523101026,s1-eth3,21516.00,1018928.00,1040444.00,1018928,21516,326.00,344.00,670.00,344,326,0.00,0.00,0,0
1523101026,s1-eth2,5742.00,266580.00,272322.00,266580,5742,87.00,90.00,177.00,90,87,0.00,0.00,0,0
1523101026,s4,0.00,0.00,0.00,0,0,0.00,0.00,0.00,0,0,0.00,0.00,0,0
1523101026,s2-eth1,1018928.00,21516.00,1040444.00,21516,1018928,344.00,326.00,670.00,326,344,0.00,0.00,0,0
1523101026,s2-eth3,16566.00,787892.00,804458.00,787892,16566,251.00,266.00,517.00,266,251,0.00,0.00,0,0
1523101026,s2-eth2,4950.00,231036.00,235986.00,231036,4950,75.00,78.00,153.00,78,75,0.00,0.00,0,0
1523101026,s5,0.00,0.00,0.00,0,0,0.00,0.00,0.00,0,0,0.00,0.00,0,0
1523101026,s3-eth1,787892.00,16566.00,804458.00,16566,787892,266.00,251.00,517.00,251,266,0.00,0.00,0,0
1523101026,s3-eth3,9900.00,467996.00,477896.00,467996,9900,150.00,158.00,308.00,158,150,0.00,0.00,0,0
1523101026,s3-eth2,6732.00,316934.00,323666.00,316934,6732,102.00,107.00,209.00,107,102,0.00,0.00,0,0
1523101026,eth0,134.00,66.00,200.00,66,134,1.00,1.00,2.00,1,1,0.00,0.00,0,0
1523101026,eth1,0.00,0.00,0.00,0,0,0.00,0.00,0.00,0,0,0.00,0.00,0,0
1523101026,lo,0.00,0.00,0.00,0,0,0.00,0.00,0.00,0,0,0.00,0.00,0,0
1523101026,s1,0.00,0.00,0.00,0,0,0.00,0.00,0.00,0,0,0.00,0.00,0,0
1523101026,s4-eth1,467996.00,9900.00,477896.00,9900,467996,158.00,150.00,308.00,150,158,0.00,0.00,0,0
1523101026,s4-eth3,5280.00,245846.00,251126.00,245846,5280,80.00,83.00,163.00,83,80,0.00,0.00,0,0
1523101026,s4-eth2,4620.00,222150.00,226770.00,222150,4620,70.00,75.00,145.00,75,70,0.00,0.00,0,0
1523101026,s2,0.00,0.00,0.00,0,0,0.00,0.00,0.00,0,0,0.00,0.00,0,0
1523101026,s5-eth1,245846.00,5280.00,251126.00,5280,245846,83.00,80.00,163.00,80,83,0.00,0.00,0,0
1523101026,s5-eth2,5280.00,245846.00,251126.00,245846,5280,80.00,83.00,163.00,83,80,0.00,0.00,0,0
1523101026,total,3824688.00,3883794.00,7708482.00,3883794,3824688,2486.00,2505.00,4991.00,2505,2486,0.00,0.00,0,0
1523101027,s3,0.00,0.00,0.00,0,0,0.00,0.00,0.00,0,0,0.00,0.00,0,0
1523101027,s1-eth1,1223306.00,27258.00,1250564.00,27258,1223306,413.00,413.00,826.00,413,413,0.00,0.00,0,0
1523101027,s1-eth3,21582.00,1051510.00,1073092.00,1051510,21582,327.00,355.00,682.00,355,327,0.00,0.00,0,0
1523101027,s1-eth2,5676.00,269542.00,275218.00,269542,5676,86.00,91.00,177.00,91,86,0.00,0.00,0,0
1523101027,s4,0.00,0.00,0.00,0,0,0.00,0.00,0.00,0,0,0.00,0.00,0,0
1523101027,s2-eth1,1051510.00,21582.00,1073092.00,21582,1051510,355.00,327.00,682.00,327,355,0.00,0.00,0,0
1523101027,s2-eth3,16830.00,817512.00,834342.00,817512,16830,255.00,276.00,531.00,276,255,0.00,0.00,0,0
1523101027,s2-eth2,4752.00,239922.00,244674.00,239922,4752,72.00,81.00,153.00,81,72,0.00,0.00,0,0
1523101027,s5,0.00,0.00,0.00,0,0,0.00,0.00,0.00,0,0,0.00,0.00,0,0
1523101027,s3-eth1,817512.00,16830.00,834342.00,16830,817512,276.00,255.00,531.00,255,276,0.00,0.00,0,0
1523101027,s3-eth3,11220.00,550932.00,562152.00,550932,11220,170.00,186.00,356.00,186,170,0.00,0.00,0,0
1523101027,s3-eth2,5610.00,272504.00,278114.00,272504,5610,85.00,92.00,177.00,92,85,0.00,0.00,0,0
1523101027,eth0,134.00,66.00,200.00,66,134,1.00,1.00,2.00,1,1,0.00,0.00,0,0
1523101027,eth1,0.00,0.00,0.00,0,0,0.00,0.00,0.00,0,0,0.00,0.00,0,0
1523101027,lo,0.00,0.00,0.00,0,0,0.00,0.00,0.00,0,0,0.00,0.00,0,0
1523101027,s1,0.00,0.00,0.00,0,0,0.00,0.00,0.00,0,0,0.00,0.00,0,0
1523101027,s4-eth1,550932.00,11220.00,562152.00,11220,550932,186.00,170.00,356.00,170,186,0.00,0.00,0,0
1523101027,s4-eth3,5808.00,281390.00,287198.00,281390,5808,88.00,95.00,183.00,95,88,0.00,0.00,0,0
1523101027,s4-eth2,5412.00,269542.00,274954.00,269542,5412,82.00,91.00,173.00,91,82,0.00,0.00,0,0
1523101027,s2,0.00,0.00,0.00,0,0,0.00,0.00,0.00,0,0,0.00,0.00,0,0
1523101027,s5-eth1,281390.00,5808.00,287198.00,5808,281390,95.00,88.00,183.00,88,95,0.00,0.00,0,0
1523101027,s5-eth2,5808.00,281390.00,287198.00,281390,5808,88.00,95.00,183.00,95,88,0.00,0.00,0,0
1523101027,total,4007482.00,4117008.00,8124490.00,4117008,4007482,2579.00,2616.00,5195.00,2616,2579,0.00,0.00,0,0
1523101028,s3,0.00,0.00,0.00,0,0,0.00,0.00,0.00,0,0,0.00,0.00,0,0
1523101028,s1-eth1,1223306.00,27258.00,1250564.00,27258,1223306,413.00,413.00,826.00,413,413,0.00,0.00,0,0
1523101028,s1-eth3,22176.00,1119636.00,1141812.00,1119636,22176,336.00,378.00,714.00,378,336,0.00,0.00,0,0
1523101028,s1-eth2,5082.00,254732.00,259814.00,254732,5082,77.00,86.00,163.00,86,77,0.00,0.00,0,0
1523101028,s4,0.00,0.00,0.00,0,0,0.00,0.00,0.00,0,0,0.00,0.00,0,0
1523101028,s2-eth1,1119636.00,22176.00,1141812.00,22176,1119636,378.00,336.00,714.00,336,378,0.00,0.00,0,0
1523101028,s2-eth3,17094.00,867866.00,884960.00,867866,17094,259.00,293.00,552.00,293,259,0.00,0.00,0,0
1523101028,s2-eth2,5082.00,260656.00,265738.00,260656,5082,77.00,88.00,165.00,88,77,0.00,0.00,0,0
1523101028,s5,0.00,0.00,0.00,0,0,0.00,0.00,0.00,0,0,0.00,0.00,0,0
1523101028,s3-eth1,867866.00,17094.00,884960.00,17094,867866,293.00,259.00,552.00,259,293,0.00,0.00,0,0
1523101028,s3-eth3,10296.00,524274.00,534570.00,524274,10296,156.00,177.00,333.00,177,156,0.00,0.00,0,0
1523101028,s3-eth2,6732.00,340630.00,347362.00,340630,6732,102.00,115.00,217.00,115,102,0.00,0.00,0,0
1523101028,eth0,194.00,126.00,320.00,126,194,2.00,2.00,4.00,2,2,0.00,0.00,0,0
1523101028,eth1,0.00,0.00,0.00,0,0,0.00,0.00,0.00,0,0,0.00,0.00,0,0
1523101028,lo,0.00,0.00,0.00,0,0,0.00,0.00,0.00,0,0,0.00,0.00,0,0
1523101028,s1,0.00,0.00,0.00,0,0,0.00,0.00,0.00,0,0,0.00,0.00,0,0
1523101028,s4-eth1,524274.00,10296.00,534570.00,10296,524274,177.00,156.00,333.00,156,177,0.00,0.00,0,0
1523101028,s4-eth3,4818.00,242884.00,247702.00,242884,4818,73.00,82.00,155.00,82,73,0.00,0.00,0,0
1523101028,s4-eth2,5478.00,281390.00,286868.00,281390,5478,83.00,95.00,178.00,95,83,0.00,0.00,0,0
1523101028,s2,0.00,0.00,0.00,0,0,0.00,0.00,0.00,0,0,0.00,0.00,0,0
1523101028,s5-eth1,242884.00,4818.00,247702.00,4818,242884,82.00,73.00,155.00,73,82,0.00,0.00,0,0
1523101028,s5-eth2,4818.00,242884.00,247702.00,242884,4818,73.00,82.00,155.00,82,73,0.00,0.00,0,0
1523101028,total,4059736.00,4216720.00,8276456.00,4216720,4059736,2581.00,2635.00,5216.00,2635,2581,0.00,0.00,0,0
1523101029,s3,0.00,0.00,0.00,0,0,0.00,0.00,0.00,0,0,0.00,0.00,0,0
1523101029,s1-eth1,1189459.75,44204.57,1233664.38,44514,1197786,505.46,503.48,1008.94,507,509,0.00,0.00,0,0
1523101029,s1-eth3,38180.73,1007829.19,1046009.94,1014884,38448,436.94,542.20,979.15,546,440,0.00,0.00,0,0
1523101029,s1-eth2,5996.03,186037.73,192033.77,187340,6038,66.53,117.18,183.71,118,67,0.00,0.00,0,0
1523101029,s4,0.00,0.00,0.00,0,0,0.00,0.00,0.00,0,0,0.00,0.00,0,0
1523101029,s2-eth1,1007829.19,38180.73,1046009.94,38448,1014884,542.20,436.94,979.15,440,546,0.00,0.00,0,0
1523101029,s2-eth3,29312.81,782311.81,811624.62,787788,29518,338.63,415.09,753.72,418,341,0.00,0.00,0,0
1523101029,s2-eth2,8774.58,239376.38,248150.95,241052,8836,97.32,141.01,238.33,142,98,0.00,0.00,0,0
1523101029,s5,0.00,0.00,0.00,0,0,0.00,0.00,0.00,0,0,0.00,0.00,0,0
1523101029,s3-eth1,782311.81,29312.81,811624.62,29518,787788,415.09,338.63,753.72,341,418,0.00,0.00,0,0
1523101029,s3-eth3,19010.92,466266.16,485277.06,469530,19144,216.48,267.13,483.61,269,218,0.00,0.00,0,0
1523101029,s3-eth2,10367.43,320556.12,330923.53,322800,10440,123.14,150.94,274.08,152,124,0.00,0.00,0,0
1523101029,eth0,133.07,65.54,198.61,66,134,0.99,0.99,1.99,1,1,0.00,0.00,0,0
1523101029,eth1,0.00,0.00,0.00,0,0,0.00,0.00,0.00,0,0,0.00,0.00,0,0
1523101029,lo,0.00,0.00,0.00,0,0,0.00,0.00,0.00,0,0,0.00,0.00,0,0
1523101029,s1,0.00,0.00,0.00,0,0,0.00,0.00,0.00,0,0,0.00,0.00,0,0
1523101029,s4-eth1,466266.16,19010.92,485277.06,19144,469530,267.13,216.48,483.61,218,269,0.00,0.00,0,0
1523101029,s4-eth3,10393.25,248856.02,259249.25,250598,10466,120.16,153.92,274.08,155,121,0.00,0.00,0,0
1523101029,s4-eth2,8617.68,232182.72,240800.41,233808,8678,96.33,119.17,215.49,120,97,0.00,0.00,0,0
1523101029,s2,0.00,0.00,0.00,0,0,0.00,0.00,0.00,0,0,0.00,0.00,0,0
1523101029,s5-eth1,248856.02,10393.25,259249.25,10466,250598,153.92,120.16,274.08,121,155,0.00,0.00,0,0
1523101029,s5-eth2,10393.25,248856.02,259249.25,250598,10466,120.16,153.92,274.08,155,121,0.00,0.00,0,0
1523101029,total,3835902.75,3873440.00,7709342.50,3900554,3862754,3500.50,3677.26,7177.76,3703,3525,0.00,0.00,0,0
1523101030,s3,0.00,0.00,0.00,0,0,0.00,0.00,0.00,0,0,0.00,0.00,0,0
1523101030,s1-eth1,1024446.00,60306.00,1084752.00,60306,1024446,647.00,647.00,1294.00,647,647,0.00,0.00,0,0
1523101030,s1-eth3,56452.00,986072.00,1042524.00,986072,56452,606.00,636.00,1242.00,636,606,0.00,0.00,0,0
1523101030,s1-eth2,3854.00,124148.00,128002.00,124148,3854,41.00,82.00,123.00,82,41,0.00,0.00,0,0
1523101030,s4,0.00,0.00,0.00,0,0,0.00,0.00,0.00,0,0,0.00,0.00,0,0
1523101030,s2-eth1,986072.00,56452.00,1042524.00,56452,986072,636.00,606.00,1242.00,606,636,0.00,0.00,0,0
1523101030,s2-eth3,39978.00,695450.00,735428.00,695450,39978,427.00,445.00,872.00,445,427,0.00,0.00,0,0
1523101030,s2-eth2,16474.00,261922.00,278396.00,261922,16474,179.00,173.00,352.00,173,179,0.00,0.00,0,0
1523101030,s5,0.00,0.00,0.00,0,0,0.00,0.00,0.00,0,0,0.00,0.00,0,0
1523101030,s3-eth1,695450.00,39978.00,735428.00,39978,695450,445.00,427.00,872.00,427,445,0.00,0.00,0,0
1523101030,s3-eth3,23246.00,401932.00,425178.00,401932,23246,249.00,254.00,503.00,254,249,0.00,0.00,0,0
1523101030,s3-eth2,16638.00,287528.00,304166.00,287528,16638,177.00,188.00,365.00,188,177,0.00,0.00,0,0
1523101030,eth0,134.00,66.00,200.00,66,134,1.00,1.00,2.00,1,1,0.00,0.00,0,0
1523101030,eth1,0.00,0.00,0.00,0,0,0.00,0.00,0.00,0,0,0.00,0.00,0,0
1523101030,lo,860.00,860.00,1720.00,860,860,15.00,15.00,30.00,15,15,0.00,0.00,0,0
1523101030,s1,0.00,0.00,0.00,0,0,0.00,0.00,0.00,0,0,0.00,0.00,0,0
1523101030,s4-eth1,401932.00,23246.00,425178.00,23246,401932,254.00,249.00,503.00,249,254,0.00,0.00,0,0
1523101030,s4-eth3,10622.00,169568.00,180190.00,169568,10622,113.00,112.00,225.00,112,113,0.00,0.00,0,0
1523101030,s4-eth2,12624.00,219002.00,231626.00,219002,12624,136.00,137.00,273.00,137,136,0.00,0.00,0,0
1523101030,s2,0.00,0.00,0.00,0,0,0.00,0.00,0.00,0,0,0.00,0.00,0,0
1523101030,s5-eth1,169568.00,10622.00,180190.00,10622,169568,112.00,113.00,225.00,113,112,0.00,0.00,0,0
1523101030,s5-eth2,10528.00,171082.00,181610.00,171082,10528,112.00,113.00,225.00,113,112,0.00,0.00,0,0
1523101030,total,3468878.00,3508234.00,6977112.00,3508234,3468878,4150.00,4198.00,8348.00,4198,4150,0.00,0.00,0,0
1523101031,s3,0.00,0.00,0.00,0,0,0.00,0.00,0.00,0,0,0.00,0.00,0,0
1523101031,s1-eth1,1019546.00,30550.00,1050096.00,30550,1019546,485.00,425.00,910.00,425,485,0.00,0.00,0,0
1523101031,s1-eth3,26198.00,953046.00,979244.00,953046,26198,375.00,355.00,730.00,355,375,0.00,0.00,0,0
1523101031,s1-eth2,4380.00,157386.00,161766.00,157386,4380,50.00,81.00,131.00,81,50,0.00,0.00,0,0
1523101031,s4,0.00,0.00,0.00,0,0,0.00,0.00,0.00,0,0,0.00,0.00,0,0
1523101031,s2-eth1,953046.00,26198.00,979244.00,26198,953046,355.00,375.00,730.00,375,355,0.00,0.00,0,0
1523101031,s2-eth3,20682.00,707134.00,727816.00,707134,20682,291.00,271.00,562.00,271,291,0.00,0.00,0,0
1523101031,s2-eth2,5610.00,242884.00,248494.00,242884,5610,85.00,82.00,167.00,82,85,0.00,0.00,0,0
1523101031,s5,0.00,0.00,0.00,0,0,0.00,0.00,0.00,0,0,0.00,0.00,0,0
1523101031,s3-eth1,707134.00,20682.00,727816.00,20682,707134,271.00,291.00,562.00,291,271,0.00,0.00,0,0
1523101031,s3-eth3,12740.00,424952.00,437692.00,424952,12740,180.00,164.00,344.00,164,180,0.00,0.00,0,0
1523101031,s3-eth2,8036.00,283630.00,291666.00,283630,8036,112.00,107.00,219.00,107,112,0.00,0.00,0,0
1523101031,eth0,134.00,66.00,200.00,66,134,1.00,1.00,2.00,1,1,0.00,0.00,0,0
1523101031,eth1,0.00,0.00,0.00,0,0,0.00,0.00,0.00,0,0,0.00,0.00,0,0
1523101031,lo,0.00,0.00,0.00,0,0,0.00,0.00,0.00,0,0,0.00,0.00,0,0
1523101031,s1,0.00,0.00,0.00,0,0,0.00,0.00,0.00,0,0,0.00,0.00,0,0
1523101031,s4-eth1,424952.00,12740.00,437692.00,12740,424952,164.00,180.00,344.00,180,164,0.00,0.00,0,0
1523101031,s4-eth3,5882.00,241700.00,247582.00,241700,5882,87.00,86.00,173.00,86,87,0.00,0.00,0,0
1523101031,s4-eth2,6858.00,184700.00,191558.00,184700,6858,93.00,78.00,171.00,78,93,0.00,0.00,0,0
1523101031,s2,0.00,0.00,0.00,0,0,0.00,0.00,0.00,0,0,0.00,0.00,0,0
1523101031,s5-eth1,241700.00,5882.00,247582.00,5882,241700,86.00,87.00,173.00,87,86,0.00,0.00,0,0
1523101031,s5-eth2,5976.00,240186.00,246162.00,240186,5976,88.00,85.00,173.00,85,88,0.00,0.00,0,0
1523101031,total,3442874.00,3531736.00,6974610.00,3531736,3442874,2723.00,2668.00,5391.00,2668,2723,0.00,0.00,0,0
1523101032,s3,0.00,0.00,0.00,0,0,0.00,0.00,0.00,0,0,0.00,0.00,0,0
1523101032,s1-eth1,1007806.00,22374.00,1030180.00,22374,1007806,351.00,339.00,690.00,339,351,0.00,0.00,0,0
1523101032,s1-eth3,17028.00,781968.00,798996.00,781968,17028,258.00,264.00,522.00,264,258,0.00,0.00,0,0
1523101032,s1-eth2,5412.00,254732.00,260144.00,254732,5412,82.00,86.00,168.00,86,82,0.00,0.00,0,0
1523101032,s4,0.00,0.00,0.00,0,0,0.00,0.00,0.00,0,0,0.00,0.00,0,0
1523101032,s2-eth1,781968.00,17028.00,798996.00,17028,781968,264.00,258.00,522.00,258,264,0.00,0.00,0,0
1523101032,s2-eth3,12474.00,577590.00,590064.00,577590,12474,189.00,195.00,384.00,195,189,0.00,0.00,0,0
1523101032,s2-eth2,4554.00,207340.00,211894.00,207340,4554,69.00,70.00,139.00,70,69,0.00,0.00,0,0
1523101032,s5,0.00,0.00,0.00,0,0,0.00,0.00,0.00,0,0,0.00,0.00,0,0
1523101032,s3-eth1,577590.00,12474.00,590064.00,12474,577590,195.00,189.00,384.00,189,195,0.00,0.00,0,0
1523101032,s3-eth3,6732.00,311010.00,317742.00,311010,6732,102.00,105.00,207.00,105,102,0.00,0.00,0,0
1523101032,s3-eth2,5676.00,263618.00,269294.00,263618,5676,86.00,89.00,175.00,89,86,0.00,0.00,0,0
1523101032,eth0,134.00,66.00,200.00,66,134,1.00,1.00,2.00,1,1,0.00,0.00,0,0
1523101032,eth1,0.00,0.00,0.00,0,0,0.00,0.00,0.00,0,0,0.00,0.00,0,0
1523101032,lo,0.00,0.00,0.00,0,0,0.00,0.00,0.00,0,0,0.00,0.00,0,0
1523101032,s1,0.00,0.00,0.00,0,0,0.00,0.00,0.00,0,0,0.00,0.00,0,0
1523101032,s4-eth1,311010.00,6732.00,317742.00,6732,311010,105.00,102.00,207.00,102,105,0.00,0.00,0,0
1523101032,s4-eth3,3432.00,156986.00,160418.00,156986,3432,52.00,53.00,105.00,53,52,0.00,0.00,0,0
1523101032,s4-eth2,3300.00,151062.00,154362.00,151062,3300,50.00,51.00,101.00,51,50,0.00,0.00,0,0
1523101032,s2,0.00,0.00,0.00,0,0,0.00,0.00,0.00,0,0,0.00,0.00,0,0
1523101032,s5-eth1,156986.00,3432.00,160418.00,3432,156986,53.00,52.00,105.00,52,53,0.00,0.00,0,0
1523101032,s5-eth2,3432.00,156986.00,160418.00,156986,3432,52.00,53.00,105.00,53,52,0.00,0.00,0,0
1523101032,total,2897534.00,2923398.00,5820932.00,2923398,2897534,1909.00,1907.00,3816.00,1907,1909,0.00,0.00,0,0
1523101033,s3,0.00,0.00,0.00,0,0,0.00,0.00,0.00,0,0,0.00,0.00,0,0
1523101033,s1-eth1,1007146.00,22572.00,1029718.00,22572,1007146,341.00,342.00,683.00,342,341,0.00,0.00,0,0
1523101033,s1-eth3,16698.00,752480.00,769178.00,752480,16698,253.00,256.00,509.00,256,253,0.00,0.00,0,0
1523101033,s1-eth2,5808.00,269542.00,275350.00,269542,5808,88.00,91.00,179.00,91,88,0.00,0.00,0,0
1523101033,s4,0.00,0.00,0.00,0,0,0.00,0.00,0.00,0,0,0.00,0.00,0,0
1523101033,s2-eth1,752480.00,16698.00,769178.00,16698,752480,256.00,253.00,509.00,253,256,0.00,0.00,0,0
1523101033,s2-eth3,12474.00,559884.00,572358.00,559884,12474,189.00,190.00,379.00,190,189,0.00,0.00,0,0
1523101033,s2-eth2,4224.00,189634.00,193858.00,189634,4224,64.00,65.00,129.00,65,64,0.00,0.00,0,0
1523101033,s5,0.00,0.00,0.00,0,0,0.00,0.00,0.00,0,0,0.00,0.00,0,0
1523101033,s3-eth1,559884.00,12474.00,572358.00,12474,559884,190.00,189.00,379.00,189,190,0.00,0.00,0,0
1523101033,s3-eth3,7524.00,334772.00,342296.00,334772,7524,114.00,114.00,228.00,114,114,0.00,0.00,0,0
1523101033,s3-eth2,5016.00,225112.00,230128.00,225112,5016,76.00,76.00,152.00,76,76,0.00,0.00,0,0
1523101033,eth0,102.00,66.00,168.00,66,102,1.00,1.00,2.00,1,1,0.00,0.00,0,0
1523101033,eth1,0.00,0.00,0.00,0,0,0.00,0.00,0.00,0,0,0.00,0.00,0,0
1523101033,lo,0.00,0.00,0.00,0,0,0.00,0.00,0.00,0,0,0.00,0.00,0,0
1523101033,s1,0.00,0.00,0.00,0,0,0.00,0.00,0.00,0,0,0.00,0.00,0,0
1523101033,s4-eth1,334772.00,7524.00,342296.00,7524,334772,114.00,114.00,228.00,114,114,0.00,0.00,0,0
1523101033,s4-eth3,4422.00,198520.00,202942.00,198520,4422,67.00,68.00,135.00,68,67,0.00,0.00,0,0
1523101033,s4-eth2,3102.00,139214.00,142316.00,139214,3102,47.00,47.00,94.00,47,47,0.00,0.00,0,0
1523101033,s2,0.00,0.00,0.00,0,0,0.00,0.00,0.00,0,0,0.00,0.00,0,0
1523101033,s5-eth1,198520.00,4422.00,202942.00,4422,198520,68.00,67.00,135.00,67,68,0.00,0.00,0,0
1523101033,s5-eth2,4422.00,198520.00,202942.00,198520,4422,67.00,68.00,135.00,68,67,0.00,0.00,0,0
1523101033,total,2916594.00,2931434.00,5848028.00,2931434,2916594,1935.00,1941.00,3876.00,1941,1935,0.00,0.00,0,0
1523101034,s2-eth3,8844.00,391050.00,399894.00,391050,8844,134.00,133.00,267.00,133,134,0.00,0.00,0,0
1523101034,s2-eth2,3234.00,145138.00,148372.00,145138,3234,49.00,49.00,98.00,49,49,0.00,0.00,0,0
1523101034,s3-eth1,391050.00,8844.00,399894.00,8844,391050,133.00,134.00,267.00,134,133,0.00,0.00,0,0
1523101034,s3-eth3,4422.00,201482.00,205904.00,201482,4422,67.00,69.00,136.00,69,67,0.00,0.00,0,0
1523101034,s3-eth2,4224.00,189568.00,193792.00,189568,4224,64.00,64.00,128.00,64,64,0.00,0.00,0,0
1523101034,eth0,1191.62,724.55,1916.17,726,1194,10.98,10.98,21.96,11,11,0.00,0.00,0,0
1523101034,eth1,0.00,0.00,0.00,0,0,0.00,0.00,0.00,0,0,0.00,0.00,0,0
1523101034,lo,778.44,778.44,1556.89,780,780,14.97,14.97,29.94,15,15,0.00,0.00,0,0
1523101034,s4-eth1,201079.84,4413.17,205493.02,4422,201482,68.86,66.87,135.73,67,69,0.00,0.00,0,0
1523101034,s4-eth3,2239.52,100506.99,102746.51,100708,2244,33.93,33.93,67.86,34,34,0.00,0.00,0,0
1523101034,s4-eth2,2173.65,97616.77,99790.42,97812,2178,32.93,33.93,66.87,34,33,0.00,0.00,0,0
1523101034,s5-eth1,100506.99,2239.52,102746.51,2244,100708,33.93,33.93,67.86,34,34,0.00,0.00,0,0
1523101034,s5-eth2,2239.52,100506.99,102746.51,100708,2244,33.93,3