1523100925,s3,0.00,0.00,0.00,0,0,0.00,0.00,0.00,0,0,0.00,0.00,0,0
1523100925,s1-eth1,0.00,0.00,0.00,0,0,0.00,0.00,0.00,0,0,0.00,0.00,0,0
1523100925,s1-eth3,0.00,0.00,0.00,0,0,0.00,0.00,0.00,0,0,0.00,0.00,0,0
1523100925,s1-eth2,0.00,0.00,0.00,0,0,0.00,0.00,0.00,0,0,0.00,0.00,0,0
1523100925,s2-eth1,0.00,0.00,0.00,0,0,0.00,0.00,0.00,0,0,0.00,0.00,0,0
1523100925,s2-eth3,0.00,0.00,0.00,0,0,0.00,0.00,0.00,0,0,0.00,0.00,0,0
1523100925,s2-eth2,0.00,0.00,0.00,0,0,0.00,0.00,0.00,0,0,0.00,0.00,0,0
1523100925,s3-eth1,0.00,0.00,0.00,0,0,0.00,0.00,0.00,0,0,0.00,0.00,0,0
1523100925,s3-eth2,0.00,0.00,0.00,0,0,0.00,0.00,0.00,0,0,0.00,0.00,0,0
1523100925,eth0,0.00,0.00,0.00,0,0,0.00,0.00,0.00,0,0,0.00,0.00,0,0
1523100925,eth1,0.00,0.00,0.00,0,0,0.00,0.00,0.00,0,0,0.00,0.00,0,0
1523100925,lo,0.00,0.00,0.00,0,0,0.00,0.00,0.00,0,0,0.00,0.00,0,0
1523100925,s1,0.00,0.00,0.00,0,0,0.00,0.00,0.00,0,0,0.00,0.00,0,0
1523100925,s2,0.00,0.00,0.00,0,0,0.00,0.00,0.00,0,0,0.00,0.00,0,0
1523100925,total,0.00,0.00,0.00,0,0,0.00,0.00,0.00,0,0,0.00,0.00,0,0
1523100926,s3,0.00,90.00,90.00,90,0,0.00,1.00,1.00,1,0,0.00,0.00,0,0
1523100926,s1-eth1,1217472.00,27126.00,1244598.00,27126,1217472,412.00,411.00,823.00,411,412,0.00,0.00,0,0
1523100926,s1-eth3,17622.00,829450.00,847072.00,829450,17622,267.00,281.00,548.00,281,267,0.00,0.00,0,0
1523100926,s1-eth2,9594.00,444300.00,453894.00,444300,9594,145.00,150.00,295.00,150,145,0.00,0.00,0,0
1523100926,s2-eth1,829450.00,17622.00,847072.00,17622,829450,281.00,267.00,548.00,267,281,0.00,0.00,0,0
1523100926,s2-eth3,8778.00,411808.00,420586.00,411808,8778,133.00,140.00,273.00,140,133,0.00,0.00,0,0
1523100926,s2-eth2,8934.00,417642.00,426576.00,417642,8934,135.00,141.00,276.00,141,135,0.00,0.00,0,0
1523100926,s3-eth1,411808.00,8778.00,420586.00,8778,411808,140.00,133.00,273.00,133,140,0.00,0.00,0,0
1523100926,s3-eth2,8712.00,408846.00,417558.00,408846,8712,132.00,139.00,271.00,139,132,0.00,0.00,0,0
1523100926,eth0,134.00,66.00,200.00,66,134,1.00,1.00,2.00,1,1,0.00,0.00,0,0
1523100926,eth1,0.00,0.00,0.00,0,0,0.00,0.00,0.00,0,0,0.00,0.00,0,0
1523100926,lo,864.00,864.00,1728.00,864,864,9.00,9.00,18.00,9,9,0.00,0.00,0,0
1523100926,s1,0.00,90.00,90.00,90,0,0.00,1.00,1.00,1,0,0.00,0.00,0,0
1523100926,s2,0.00,90.00,90.00,90,0,0.00,1.00,1.00,1,0,0.00,0.00,0,0
1523100926,total,2513368.00,2566772.00,5080140.00,2566772,2513368,1655.00,1675.00,3330.00,1675,1655,0.00,0.00,0,0
1523100927,s3,0.00,0.00,0.00,0,0,0.00,0.00,0.00,0,0,0.00,0.00,0,0
1523100927,s1-eth1,1190724.00,26466.00,1217190.00,26466,1190724,402.00,401.00,803.00,401,402,0.00,0.00,0,0
1523100927,s1-eth3,17490.00,814550.00,832040.00,814550,17490,265.00,275.00,540.00,275,265,0.00,0.00,0,0
1523100927,s1-eth2,9042.00,423566.00,432608.00,423566,9042,137.00,143.00,280.00,143,137,0.00,0.00,0,0
1523100927,s2-eth1,814550.00,17490.00,832040.00,17490,814550,275.00,265.00,540.00,265,275,0.00,0.00,0,0
1523100927,s2-eth3,8976.00,423566.00,432542.00,423566,8976,136.00,143.00,279.00,143,136,0.00,0.00,0,0
1523100927,s2-eth2,8448.00,393946.00,402394.00,393946,8448,128.00,133.00,261.00,133,128,0.00,0.00,0,0
1523100927,s3-eth1,423566.00,8976.00,432542.00,8976,423566,143.00,136.00,279.00,136,143,0.00,0.00,0,0
1523100927,s3-eth2,9042.00,423566.00,432608.00,423566,9042,137.00,143.00,280.00,143,137,0.00,0.00,0,0
1523100927,eth0,134.00,66.00,200.00,66,134,1.00,1.00,2.00,1,1,0.00,0.00,0,0
1523100927,eth1,0.00,0.00,0.00,0,0,0.00,0.00,0.00,0,0,0.00,0.00,0,0
1523100927,lo,0.00,0.00,0.00,0,0,0.00,0.00,0.00,0,0,0.00,0.00,0,0
1523100927,s1,0.00,0.00,0.00,0,0,0.00,0.00,0.00,0,0,0.00,0.00,0,0
1523100927,s2,0.00,0.00,0.00,0,0,0.00,0.00,0.00,0,0,0.00,0.00,0,0
1523100927,total,2481972.00,2532192.00,5014164.00,2532192,2481972,1624.00,1640.00,3264.00,1640,1624,0.00,0.00,0,0
1523100928,s3,0.00,140.00,140.00,140,0,0.00,2.00,2.00,2,0,0.00,0.00,0,0
1523100928,s1-eth1,1175984.00,26202.00,1202186.00,26202,1175984,398.00,397.00,795.00,397,398,0.00,0.00,0,0
1523100928,s1-eth3,16966.00,802772.00,819738.00,802772,16966,257.00,272.00,529.00,272,257,0.00,0.00,0,0
1523100928,s1-eth2,9376.00,438446.00,447822.00,438446,9376,142.00,149.00,291.00,149,142,0.00,0.00,0,0
1523100928,s2-eth1,802772.00,16966.00,819738.00,16966,802772,272.00,257.00,529.00,257,272,0.00,0.00,0,0
1523100928,s2-eth3,7664.00,355440.00,363104.00,355440,7664,116.00,120.00,236.00,120,116,0.00,0.00,0,0
1523100928,s2-eth2,9508.00,444370.00,453878.00,444370,9508,144.00,151.00,295.00,151,144,0.00,0.00,0,0
1523100928,s3-eth1,355440.00,7664.00,363104.00,7664,355440,120.00,116.00,236.00,116,120,0.00,0.00,0,0
1523100928,s3-eth2,7664.00,355440.00,363104.00,355440,7664,116.00,120.00,236.00,120,116,0.00,0.00,0,0
1523100928,eth0,134.00,66.00,200.00,66,134,1.00,1.00,2.00,1,1,0.00,0.00,0,0
1523100928,eth1,0.00,0.00,0.00,0,0,0.00,0.00,0.00,0,0,0.00,0.00,0,0
1523100928,lo,1608.00,1608.00,3216.00,1608,1608,18.00,18.00,36.00,18,18,0.00,0.00,0,0
1523100928,s1,0.00,140.00,140.00,140,0,0.00,2.00,2.00,2,0,0.00,0.00,0,0
1523100928,s2,0.00,140.00,140.00,140,0,0.00,2.00,2.00,2,0,0.00,0.00,0,0
1523100928,total,2387116.00,2449394.00,4836510.00,2449394,2387116,1584.00,1607.00,3191.00,1607,1584,0.00,0.00,0,0
1523100929,s3,0.00,139.86,139.86,140,0,0.00,2.00,2.00,2,0,0.00,0.00,0,0
1523100929,s1-eth1,1201510.50,26839.16,1228349.62,26866,1202712,407.59,406.59,814.19,407,408,0.00,0.00,0,0
1523100929,s1-eth3,17362.64,802053.94,819416.62,802856,17380,263.74,273.73,537.46,274,264,0.00,0.00,0,0
1523100929,s1-eth2,9718.28,443940.06,453658.34,444384,9728,147.85,151.85,299.70,152,148,0.00,0.00,0,0
1523100929,s2-eth1,802053.94,17362.64,819416.62,17380,802856,273.73,263.74,537.46,264,274,0.00,0.00,0,0
1523100929,s2-eth3,8659.34,393706.31,402365.66,394100,8668,131.87,135.86,267.73,136,132,0.00,0.00,0,0
1523100929,s2-eth2,8927.07,408431.59,417358.66,408840,8936,135.86,139.86,275.72,140,136,0.00,0.00,0,0
1523100929,s3-eth1,393706.31,8659.34,402365.66,8668,394100,135.86,131.87,267.73,132,136,0.00,0.00,0,0
1523100929,s3-eth2,8593.41,393706.31,402299.72,394100,8602,130.87,135.86,266.73,136,131,0.00,0.00,0,0
1523100929,eth0,133.87,240.76,374.63,241,134,1.00,2.00,3.00,2,1,0.00,0.00,0,0
1523100929,eth1,0.00,0.00,0.00,0,0,0.00,0.00,0.00,0,0,0.00,0.00,0,0
1523100929,lo,5538.46,5538.46,11076.92,5544,5544,55.94,55.94,111.89,56,56,0.00,0.00,0,0
1523100929,s1,0.00,139.86,139.86,140,0,0.00,2.00,2.00,2,0,0.00,0.00,0,0
1523100929,s2,0.00,139.86,139.86,140,0,0.00,2.00,2.00,2,0,0.00,0.00,0,0
1523100929,total,2456203.75,2500898.25,4957102.00,2503399,2458660,1684.32,1703.30,3387.61,1705,1686,0.00,0.00,0,0
1523100930,s3,0.00,0.00,0.00,0,0,0.00,0.00,0.00,0,0,0.00,0.00,0,0
1523100930,s1-eth1,1178876.00,26334.00,1205210.00,26334,1178876,398.00,399.00,797.00,399,398,0.00,0.00,0,0
1523100930,s1-eth3,17820.00,838246.00,856066.00,838246,17820,270.00,283.00,553.00,283,270,0.00,0.00,0,0
1523100930,s1-eth2,8514.00,399870.00,408384.00,399870,8514,129.00,135.00,264.00,135,129,0.00,0.00,0,0
1523100930,s2-eth1,838246.00,17820.00,856066.00,17820,838246,283.00,270.00,553.00,270,283,0.00,0.00,0,0
1523100930,s2-eth3,9438.00,447262.00,456700.00,447262,9438,143.00,151.00,294.00,151,143,0.00,0.00,0,0
1523100930,s2-eth2,8382.00,390984.00,399366.00,390984,8382,127.00,132.00,259.00,132,127,0.00,0.00,0,0
1523100930,s3-eth1,447262.00,9438.00,456700.00,9438,447262,151.00,143.00,294.00,143,151,0.00,0.00,0,0
1523100930,s3-eth2,9504.00,447262.00,456766.00,447262,9504,144.00,151.00,295.00,151,144,0.00,0.00,0,0
1523100930,eth0,134.00,66.00,200.00,66,134,1.00,1.00,2.00,1,1,0.00,0.00,0,0
1523100930,eth1,0.00,0.00,0.00,0,0,0.00,0.00,0.00,0,0,0.00,0.00,0,0
1523100930,lo,0.00,0.00,0.00,0,0,0.00,0.00,0.00,0,0,0.00,0.00,0,0
1523100930,s1,0.00,0.00,0.00,0,0,0.00,0.00,0.00,0,0,0.00,0.00,0,0
1523100930,s2,0.00,0.00,0.00,0,0,0.00,0.00,0.00,0,0,0.00,0.00,0,0
1523100930,total,2518176.00,2577282.00,5095458.00,2577282,2518176,1646.00,1665.00,3311.00,1665,1646,0.00,0.00,0,0
1523100931,s3,0.00,0.00,0.00,0,0,0.00,0.00,0.00,0,0,0.00,0.00,0,0
1523100931,s1-eth1,1220344.00,27126.00,1247470.00,27126,1220344,412.00,411.00,823.00,411,412,0.00,0.00,0,0
1523100931,s1-eth3,17094.00,847132.00,864226.00,847132,17094,259.00,286.00,545.00,286,259,0.00,0.00,0,0
1523100931,s1-eth2,10098.00,500578.00,510676.00,500578,10098,153.00,169.00,322.00,169,153,0.00,0.00,0,0
1523100931,s2-eth1,847132.00,17094.00,864226.00,17094,847132,286.00,259.00,545.00,259,286,0.00,0.00,0,0
1523100931,s2-eth3,7920.00,388022.00,395942.00,388022,7920,120.00,131.00,251.00,131,120,0.00,0.00,0,0
1523100931,s2-eth2,9174.00,459110.00,468284.00,459110,9174,139.00,155.00,294.00,155,139,0.00,0.00,0,0
1523100931,s3-eth1,388022.00,7920.00,395942.00,7920,388022,131.00,120.00,251.00,120,131,0.00,0.00,0,0
1523100931,s3-eth2,7854.00,390984.00,398838.00,390984,7854,119.00,132.00,251.00,132,119,0.00,0.00,0,0
1523100931,eth0,134.00,66.00,200.00,66,134,1.00,1.00,2.00,1,1,0.00,0.00,0,0
1523100931,eth1,0.00,0.00,0.00,0,0,0.00,0.00,0.00,0,0,0.00,0.00,0,0
1523100931,lo,0.00,0.00,0.00,0,0,0.00,0.00,0.00,0,0,0.00,0.00,0,0
1523100931,s1,0.00,0.00,0.00,0,0,0.00,0.00,0.00,0,0,0.00,0.00,0,0
1523100931,s2,0.00,0.00,0.00,0,0,0.00,0.00,0.00,0,0,0.00,0.00,0,0
1523100931,total,2507772.00,2638032.00,5145804.00,2638032,2507772,1620.00,1664.00,3284.00,1664,1620,0.00,0.00,0,0
1523100932,s3,0.00,140.00,140.00,140,0,0.00,2.00,2.00,2,0,0.00,0.00,0,0
1523100932,s1-eth1,1222328.00,34558.00,1256886.00,34558,1222328,442.00,441.00,883.00,441,442,0.00,0.00,0,0
1523100932,s1-eth3,23288.00,821088.00,844376.00,821088,23288,304.00,374.00,678.00,374,304,0.00,0.00,0,0
1523100932,s1-eth2,11316.00,383760.00,395076.00,383760,11316,138.00,198.00,336.00,198,138,0.00,0.00,0,0
1523100932,s2-eth1,821088.00,23288.00,844376.00,23288,821088,374.00,304.00,678.00,304,374,0.00,0.00,0,0
1523100932,s2-eth3,11718.00,401392.00,413110.00,401392,11718,157.00,180.00,337.00,180,157,0.00,0.00,0,0
1523100932,s2-eth2,11710.00,419696.00,431406.00,419696,11710,149.00,194.00,343.00,194,149,0.00,0.00,0,0
1523100932,s3-eth1,401392.00,11718.00,413110.00,11718,401392,180.00,157.00,337.00,157,180,0.00,0.00,0,0
1523100932,s3-eth2,11784.00,398430.00,410214.00,398430,11784,158.00,179.00,337.00,179,158,0.00,0.00,0,0
1523100932,eth0,134.00,66.00,200.00,66,134,1.00,1.00,2.00,1,1,0.00,0.00,0,0
1523100932,eth1,0.00,0.00,0.00,0,0,0.00,0.00,0.00,0,0,0.00,0.00,0,0
1523100932,lo,1608.00,1608.00,3216.00,1608,1608,18.00,18.00,36.00,18,18,0.00,0.00,0,0
1523100932,s1,0.00,140.00,140.00,140,0,0.00,2.00,2.00,2,0,0.00,0.00,0,0
1523100932,s2,0.00,140.00,140.00,140,0,0.00,2.00,2.00,2,0,0.00,0.00,0,0
1523100932,total,2516366.00,2496024.00,5012390.00,2496024,2516366,1921.00,2052.00,3973.00,2052,1921,0.00,0.00,0,0
1523100933,s3,0.00,140.00,140.00,140,0,0.00,2.00,2.00,2,0,0.00,0.00,0,0
1523100933,s1-eth1,1232652.00,65952.00,1298604.00,65952,1232652,752.00,740.00,1492.00,740,752,0.00,0.00,0,0
1523100933,s1-eth3,47106.00,839610.00,886716.00,839610,47106,519.00,523.00,1042.00,523,519,0.00,0.00,0,0
1523100933,s1-eth2,19080.00,429378.00,448458.00,429378,19080,224.00,253.00,477.00,253,224,0.00,0.00,0,0
1523100933,s2-eth1,839610.00,47106.00,886716.00,47106,839610,523.00,519.00,1042.00,519,523,0.00,0.00,0,0
1523100933,s2-eth3,23312.00,390484.00,413796.00,390484,23312,264.00,256.00,520.00,256,264,0.00,0.00,0,0
1523100933,s2-eth2,23856.00,453668.00,477524.00,453668,23856,256.00,270.00,526.00,270,256,0.00,0.00,0,0
1523100933,s3-eth1,390484.00,23312.00,413796.00,23312,390484,256.00,264.00,520.00,264,256,0.00,0.00,0,0
1523100933,s3-eth2,23234.00,391998.00,415232.00,391998,23234,263.00,257.00,520.00,257,263,0.00,0.00,0,0
1523100933,eth0,134.00,66.00,200.00,66,134,1.00,1.00,2.00,1,1,0.00,0.00,0,0
1523100933,eth1,0.00,0.00,0.00,0,0,0.00,0.00,0.00,0,0,0.00,0.00,0,0
1523100933,lo,1608.00,1608.00,3216.00,1608,1608,18.00,18.00,36.00,18,18,0.00,0.00,0,0
1523100933,s1,0.00,140.00,140.00,140,0,0.00,2.00,2.00,2,0,0.00,0.00,0,0
1523100933,s2,0.00,140.00,140.00,140,0,0.00,2.00,2.00,2,0,0.00,0.00,0,0
1523100933,total,2601076.00,2643602.00,5244678.00,2643602,2601076,3076.00,3107.00,6183.00,3107,3076,0.00,0.00,0,0
1523100934,s3,0.00,0.00,0.00,0,0,0.00,0.00,0.00,0,0,0.00,0.00,0,0
1523100934,s1-eth1,1228590.00,33644.00,1262234.00,33644,1228590,515.00,498.00,1013.00,498,515,0.00,0.00,0,0
1523100934,s1-eth3,21632.00,798956.00,820588.00,798956,21632,316.00,302.00,618.00,302,316,0.00,0.00,0,0
1523100934,s1-eth2,11946.00,488730.00,500676.00,488730,11946,181.00,165.00,346.00,165,181,0.00,0.00,0,0
1523100934,s2-eth1,798956.00,21632.00,820588.00,21632,798956,302.00,316.00,618.00,316,302,0.00,0.00,0,0
1523100934,s2-eth3,8622.00,321018.00,329640.00,321018,8622,125.00,125.00,250.00,125,125,0.00,0.00,0,0
1523100934,s2-eth2,13088.00,473396.00,486484.00,473396,13088,192.00,174.00,366.00,174,192,0.00,0.00,0,0
1523100934,s3-eth1,321018.00,8622.00,329640.00,8622,321018,125.00,125.00,250.00,125,125,0.00,0.00,0,0
1523100934,s3-eth2,8700.00,319504.00,328204.00,319504,8700,126.00,124.00,250.00,124,126,0.00,0.00,0,0
1523100934,eth0,134.00,66.00,200.00,66,134,1.00,1.00,2.00,1,1,0.00,0.00,0,0
1523100934,eth1,0.00,0.00,0.00,0,0,0.00,0.00,0.00,0,0,0.00,0.00,0,0
1523100934,lo,0.00,0.00,0.00,0,0,0.00,0.00,0.00,0,0,0.00,0.00,0,0
1523100934,s1,0.00,0.00,0.00,0,0,0.00,0.00,0.00,0,0,0.00,0.00,0,0
1523100934,s2,0.00,0.00,0.00,0,0,0.00,0.00,0.00,0,0,0.00,0.00,0,0
1523100934,total,2412686.00,2465568.00,4878254.00,2465568,2412686,1883.00,1830.00,3713.00,1830,1883,0.00,0.00,0,0
1523100935,s3,0.00,0.00,0.00,0,0,0.00,0.00,0.00,0,0,0.00,0.00,0,0
1523100935,s1-eth1,1223306.00,27192.00,1250498.00,27192,1223306,413.00,412.00,825.00,412,413,0.00,0.00,0,0
1523100935,s1-eth3,17160.00,784930.00,802090.00,784930,17160,260.00,265.00,525.00,265,260,0.00,0.00,0,0
1523100935,s1-eth2,10098.00,456148.00,466246.00,456148,10098,153.00,154.00,307.00,154,153,0.00,0.00,0,0
1523100935,s2-eth1,784930.00,17160.00,802090.00,17160,784930,265.00,260.00,525.00,260,265,0.00,0.00,0,0
1523100935,s2-eth3,7128.00,325820.00,332948.00,325820,7128,108.00,110.00,218.00,110,108,0.00,0.00,0,0
1523100935,s2-eth2,10032.00,462072.00,472104.00,462072,10032,152.00,156.00,308.00,156,152,0.00,0.00,0,0
1523100935,s3-eth1,325820.00,7128.00,332948.00,7128,325820,110.00,108.00,218.00,108,110,0.00,0.00,0,0
1523100935,s3-eth2,7128.00,325820.00,332948.00,325820,7128,108.00,110.00,218.00,110,108,0.00,0.00,0,0
1523100935,eth0,134.00,66.00,200.00,66,134,1.00,1.00,2.00,1,1,0.00,0.00,0,0
1523100935,eth1,0.00,0.00,0.00,0,0,0.00,0.00,0.00,0,0,0.00,0.00,0,0
1523100935,lo,0.00,0.00,0.00,0,0,0.00,0.00,0.00,0,0,0.00,0.00,0,0
1523100935,s1,0.00,0.00,0.00,0,0,0.00,0.00,0.00,0,0,0.00,0.00,0,0
1523100935,s2,0.00,0.00,0.00,0,0,0.00,0.00,0.00,0,0,0.00,0.00,0,0
1523100935,total,2385736.00,2406336.00,4792072.00,2406336,2385736,1570.00,1576.00,3146.00,1576,1570,0.00,0.00,0,0
1523100936,s3,0.00,0.00,0.00,0,0,0.00,0.00,0.00,0,0,0.00,0.00,0,0
1523100936,s1-eth1,1220344.00,27258.00,1247602.00,27258,1220344,412.00,413.00,825.00,413,412,0.00,0.00,0,0
1523100936,s1-eth3,16896.00,761234.00,778130.00,761234,16896,256.00,257.00,513.00,257,256,0.00,0.00,0,0
1523100936,s1-eth2,10296.00,467996.00,478292.00,467996,10296,156.00,158.00,314.00,158,156,0.00,0.00,0,0
1523100936,s2-eth1,761234.00,16896.00,778130.00,16896,761234,257.00,256.00,513.00,256,257,0.00,0.00,0,0
1523100936,s2-eth3,6468.00,290276.00,296744.00,290276,6468,98.00,98.00,196.00,98,98,0.00,0.00,0,0
1523100936,s2-eth2,10428.00,467996.00,478424.00,467996,10428,158.00,158.00,316.00,158,158,0.00,0.00,0,0
1523100936,s3-eth1,290276.00,6468.00,296744.00,6468,290276,98.00,98.00,196.00,98,98,0.00,0.00,0,0
1523100936,s3-eth2,6468.00,290276.00,296744.00,290276,6468,98.00,98.00,196.00,98,98,0.00,0.00,0,0
1523100936,eth0,134.00,66.00,200.00,66,134,1.00,1.00,2.00,1,1,0.00,0.00,0,0
1523100936,eth1,0.00,0.00,0.00,0,0,0.00,0.00,0.00,0,0,0.00,0.00,0,0
1523100936,lo,0.00,0.00,0.00,0,0,0.00,0.00,0.00,0,0,0.00,0.00,0,0
1523100936,s1,0.00,0.00,0.00,0,0,0.00,0.00,0.00,0,0,0.00,0.00,0,0
1523100936,s2,0.00,0.00,0.00,0,0,0.00,0.00,0.00,0,0,0.00,0.00,0,0
1523100936,total,2322544.00,2328466.00,4651010.00,2328466,2322544,1534.00,1537.00,3071.00,1537,1534,0.00,0.00,0,0
1523100937,s3,0.00,0.00,0.00,0,0,0.00,0.00,0.00,0,0,0.00,0.00,0,0
1523100937,s1-eth1,1223306.00,27258.00,1250564.00,27258,1223306,413.00,413.00,826.00,413,413,0.00,0.00,0,0
1523100937,s1-eth3,16830.00,755310.00,772140.00,755310,16830,255.00,255.00,510.00,255,255,0.00,0.00,0,0
1523100937,s1-eth2,10428.00,467996.00,478424.00,467996,10428,158.00,158.00,316.00,158,158,0.00,0.00,0,0
1523100937,s2-eth1,755310.00,16830.00,772140.00,16830,755310,255.00,255.00,510.00,255,255,0.00,0.00,0,0
1523100937,s2-eth3,6666.00,296200.00,302866.00,296200,6666,101.00,100.00,201.00,100,101,0.00,0.00,0,0
1523100937,s2-eth2,10164.00,459110.00,469274.00,459110,10164,154.00,155.00,309.00,155,154,0.00,0.00,0,0
1523100937,s3-eth1,296200.00,6666.00,302866.00,6666,296200,100.00,101.00,201.00,101,100,0.00,0.00,0,0
1523100937,s3-eth2,6666.00,299162.00,305828.00,299162,6666,101.00,101.00,202.00,101,101,0.00,0.00,0,0
1523100937,eth0,134.00,66.00,200.00,66,134,1.00,1.00,2.00,1,1,0.00,0.00,0,0
1523100937,eth1,0.00,0.00,0.00,0,0,0.00,0.00,0.00,0,0,0.00,0.00,0,0
1523100937,lo,0.00,0.00,0.00,0,0,0.00,0.00,0.00,0,0,0.00,0.00,0,0
1523100937,s1,0.00,0.00,0.00,0,0,0.00,0.00,0.00,0,0,0.00,0.00,0,0
1523100937,s2,0.00,0.00,0.00,0,0,0.00,0.00,0.00,0,0,0.00,0.00,0,0
1523100937,total,2325704.00,2328598.00,4654302.00,2328598,2325704,1538.00,1539.00,3077.00,1539,1538,0.00,0.00,0,0
1523100938,s3,0.00,0.00,0.00,0,0,0.00,0.00,0.00,0,0,0.00,0.00,0,0
1523100938,s1-eth1,1223306.00,27258.00,1250564.00,27258,1223306,413.00,413.00,826.00,413,413,0.00,0.00,0,0
1523100938,s1-eth3,17622.00,796778.00,814400.00,796778,17622,267.00,269.00,536.00,269,267,0.00,0.00,0,0
1523100938,s1-eth2,9636.00,432452.00,442088.00,432452,9636,146.00,146.00,292.00,146,146,0.00,0.00,0,0
1523100938,s2-eth1,796778.00,17622.00,814400.00,17622,796778,269.00,267.00,536.00,267,269,0.00,0.00,0,0
1523100938,s2-eth3,7326.00,334706.00,342032.00,334706,7326,111.00,113.00,224.00,113,111,0.00,0.00,0,0
1523100938,s2-eth2,10296.00,462072.00,472368.00,462072,10296,156.00,156.00,312.00,156,156,0.00,0.00,0,0
1523100938,s3-eth1,334706.00,7326.00,342032.00,7326,334706,113.00,111.00,224.00,111,113,0.00,0.00,0,0
1523100938,s3-eth2,7326.00,331744.00,339070.00,331744,7326,111.00,112.00,223.00,112,111,0.00,0.00,0,0
1523100938,eth0,134.00,66.00,200.00,66,134,1.00,1.00,2.00,1,1,0.00,0.00,0,0
1523100938,eth1,0.00,0.00,0.00,0,0,0.00,0.00,0.00,0,0,0.00,0.00,0,0
1523100938,lo,516.00,516.00,1032.00,516,516,9.00,9.00,18.00,9,9,0.00,0.00,0,0
1523100938,s1,0.00,0.00,0.00,0,0,0.00,0.00,0.00,0,0,0.00,0.00,0,0
1523100938,s2,0.00,0.00,0.00,0,0,0.00,0.00,0.00,0,0,0.00,0.00,0,0
1523100938,total,2407646.00,2410540.00,4818186.00,2410540,2407646,1596.00,1597.00,3193.00,1597,1596,0.00,0.00,0,0
1523100939,s3,0.00,0.00,0.00,0,0,0.00,0.00,0.00,0,0,0.00,0.00,0,0
1523100939,s1-eth1,1223306.00,27258.00,1250564.00,27258,1223306,413.00,413.00,826.00,413,413,0.00,0.00,0,0
1523100939,s1-eth3,17094.00,776044.00,793138.00,776044,17094,259.00,262.00,521.00,262,259,0.00,0.00,0,0
1523100939,s1-eth2,10164.00,465034.00,475198.00,465034,10164,154.00,157.00,311.00,157,154,0.00,0.00,0,0
1523100939,s2-eth1,776044.00,17094.00,793138.00,17094,776044,262.00,259.00,521.00,259,262,0.00,0.00,0,0
1523100939,s2-eth3,6930.00,316934.00,323864.00,316934,6930,105.00,107.00,212.00,107,105,0.00,0.00,0,0
1523100939,s2-eth2,10164.00,459110.00,469274.00,459110,10164,154.00,155.00,309.00,155,154,0.00,0.00,0,0
1523100939,s3-eth1,316934.00,6930.00,323864.00,6930,316934,107.00,105.00,212.00,105,107,0.00,0.00,0,0
1523100939,s3-eth2,6930.00,319896.00,326826.00,319896,6930,105.00,108.00,213.00,108,105,0.00,0.00,0,0
1523100939,eth0,134.00,66.00,200.00,66,134,1.00,1.00,2.00,1,1,0.00,0.00,0,0
1523100939,eth1,0.00,0.00,0.00,0,0,0.00,0.00,0.00,0,0,0.00,0.00,0,0
1523100939,lo,0.00,0.00,0.00,0,0,0.00,0.00,0.00,0,0,0.00,0.00,0,0
1523100939,s1,0.00,0.00,0.00,0,0,0.00,0.00,0.00,0,0,0.00,0.00,0,0
1523100939,s2,0.00,0.00,0.00,0,0,0.00,0.00,0.00,0,0,0.00,0.00,0,0
1523100939,total,2367700.00,2388366.00,4756066.00,2388366,2367700,1560.00,1567.00,3127.00,1567,1560,0.00,0.00,0,0
1523100940,s3,0.00,0.00,0.00,0,0,0.00,0.00,0.00,0,0,0.00,0.00,0,0
1523100940,s1-eth1,1223306.00,27258.00,1250564.00,27258,1223306,413.00,413.00,826.00,413,413,0.00,0.00,0,0
1523100940,s1-eth3,17226.00,799740.00,816966.00,799740,17226,261.00,270.00,531.00,270,261,0.00,0.00,0,0
1523100940,s1-eth2,10032.00,465034.00,475066.00,465034,10032,152.00,157.00,309.00,157,152,0.00,0.00,0,0
1523100940,s2-eth1,799740.00,17226.00,816966.00,17226,799740,270.00,261.00,531.00,261,270,0.00,0.00,0,0
1523100940,s2-eth3,7194.00,343592.00,350786.00,343592,7194,109.00,116.00,225.00,116,109,0.00,0.00,0,0
1523100940,s2-eth2,10032.00,462072.00,472104.00,462072,10032,152.00,156.00,308.00,156,152,0.00,0.00,0,0
1523100940,s3-eth1,343592.00,7194.00,350786.00,7194,343592,116.00,109.00,225.00,109,116,0.00,0.00,0,0
1523100940,s3-eth2,7194.00,340630.00,347824.00,340630,7194,109.00,115.00,224.00,115,109,0.00,0.00,0,0
1523100940,eth0,134.00,66.00,200.00,66,134,1.00,1.00,2.00,1,1,0.00,0.00,0,0
1523100940,eth1,0.00,0.00,0.00,0,0,0.00,0.00,0.00,0,0,0.00,0.00,0,0
1523100940,lo,0.00,0.00,0.00,0,0,0.00,0.00,0.00,0,0,0.00,0.00,0,0
1523100940,s1,0.00,0.00,0.00,0,0,0.00,0.00,0.00,0,0,0.00,0.00,0,0
1523100940,s2,0.00,0.00,0.00,0,0,0.00,0.00,0.00,0,0,0.00,0.00,0,0
1523100940,total,2418450.00,2462812.00,4881262.00,2462812,2418450,1583.00,1598.00,3181.00,1598,1583,0.00,0.00,0,0
1523100941,s3,0.00,0.00,0.00,0,0,0.00,0.00,0.00,0,0,0.00,0.00,0,0
1523100941,s1-eth1,1223306.00,27258.00,1250564.00,27258,1223306,413.00,413.00,826.00,413,413,0.00,0.00,0,0
1523100941,s1-eth3,17490.00,838246.00,855736.00,838246,17490,265.00,283.00,548.00,283,265,0.00,0.00,0,0
1523100941,s1-eth2,9768.00,462072.00,471840.00,462072,9768,148.00,156.00,304.00,156,148,0.00,0.00,0,0
1523100941,s2-eth1,838246.00,17490.00,855736.00,17490,838246,283.00,265.00,548.00,265,283,0.00,0.00,0,0
1523100941,s2-eth3,7920.00,382098.00,390018.00,382098,7920,120.00,129.00,249.00,129,120,0.00,0.00,0,0
1523100941,s2-eth2,9570.00,453186.00,462756.00,453186,9570,145.00,153.00,298.00,153,145,0.00,0.00,0,0
1523100941,s3-eth1,382098.00,7920.00,390018.00,7920,382098,129.00,120.00,249.00,120,129,0.00,0.00,0,0
1523100941,s3-eth2,7854.00,382098.00,389952.00,382098,7854,119.00,129.00,248.00,129,119,0.00,0.00,0,0
1523100941,eth0,134.00,66.00,200.00,66,134,1.00,1.00,2.00,1,1,0.00,0.00,0,0
1523100941,eth1,0.00,0.00,0.00,0,0,0.00,0.00,0.00,0,0,0.00,0.00,0,0
1523100941,lo,0.00,0.00,0.00,0,0,0.00,0.00,0.00,0,0,0.00,0.00,0,0
1523100941,s1,0.00,0.00,0.00,0,0,0.00,0.00,0.00,0,0,0.00,0.00,0,0
1523100941,s2,0.00,0.00,0.00,0,0,0.00,0.00,0.00,0,0,0.00,0.00,0,0
1523100941,total,2496386.00,2570434.00,5066820.00,2570434,2496386,1623.00,1649.00,3272.00,1649,1623,0.00,0.00,0,0
1523100942,s3,0.00,0.00,0.00,0,0,0.00,0.00,0.00,0,0,0.00,0.00,0,0
1523100942,s1-eth1,1223306.00,27258.00,1250564.00,27258,1223306,413.00,413.00,826.00,413,413,0.00,0.00,0,0
1523100942,s1-eth3,17226.00,847132.00,864358.00,847132,17226,261.00,286.00,547.00,286,261,0.00,0.00,0,0
1523100942,s1-eth2,10032.00,488730.00,498762.00,488730,10032,152.00,165.00,317.00,165,152,0.00,0.00,0,0
1523100942,s2-eth1,847132.00,17226.00,864358.00,17226,847132,286.00,261.00,547.00,261,286,0.00,0.00,0,0
1523100942,s2-eth3,7722.00,388022.00,395744.00,388022,7722,117.00,131.00,248.00,131,117,0.00,0.00,0,0
1523100942,s2-eth2,9504.00,462072.00,471576.00,462072,9504,144.00,156.00,300.00,156,144,0.00,0.00,0,0
1523100942,s3-eth1,388022.00,7722.00,395744.00,7722,388022,131.00,117.00,248.00,117,131,0.00,0.00,0,0
1523100942,s3-eth2,7722.00,388022.00,395744.00,388022,7722,117.00,131.00,248.00,131,117,0.00,0.00,0,0
1523100942,eth0,134.00,66.00,200.00,66,134,1.00,1.00,2.00,1,1,0.00,0.00,0,0
1523100942,eth1,0.00,0.00,0.00,0,0,0.00,0.00,0.00,0,0,0.00,0.00,0,0
1523100942,lo,0.00,0.00,0.00,0,0,0.00,0.00,0.00,0,0,0.00,0.00,0,0
1523100942,s1,0.00,0.00,0.00,0,0,0.00,0.00,0.00,0,0,0.00,0.00,0,0
1523100942,s2,0.00,0.00,0.00,0,0,0.00,0.00,0.00,0,0,0.00,0.00,0,0
1523100942,total,2510800.00,2626250.00,5137050.00,2626250,2510800,1622.00,1661.00,3283.00,1661,1622,0.00,0.00,0,0
1523100943,s3,0.00,0.00,0.00,0,0,0.00,0.00,0.00,0,0,0.00,0.00,0,0
1523100943,s1-eth1,1225616.00,37128.00,1262744.00,37128,1225616,448.00,448.00,896.00,448,448,0.00,0.00,0,0
1523100943,s1-eth3,24550.00,798374.00,822924.00,798374,24550,299.00,359.00,658.00,359,299,0.00,0.00,0,0
1523100943,s1-eth2,12456.00,397312.00,409768.00,397312,12456,148.00,184.00,332.00,184,148,0.00,0.00,0,0
1523100943,s2-eth1,798374.00,24550.00,822924.00,24550,798374,359.00,299.00,658.00,299,359,0.00,0.00,0,0
1523100943,s2-eth3,11236.00,375588.00,386824.00,375588,11236,140.00,162.00,302.00,162,140,0.00,0.00,0,0
1523100943,s2-eth2,13314.00,416862.00,430176.00,416862,13314,159.00,195.00,354.00,195,159,0.00,0.00,0,0
1523100943,s3-eth1,375588.00,11236.00,386824.00,11236,375588,162.00,140.00,302.00,140,162,0.00,0.00,0,0
1523100943,s3-eth2,11302.00,375588.00,386890.00,375588,11302,141.00,162.00,303.00,162,141,0.00,0.00,0,0
1523100943,eth0,134.00,66.00,200.00,66,134,1.00,1.00,2.00,1,1,0.00,0.00,0,0
1523100943,eth1,0.00,0.00,0.00,0,0,0.00,0.00,0.00,0,0,0.00,0.00,0,0
1523100943,lo,516.00,516.00,1032.00,516,516,9.00,9.00,18.00,9,9,0.00,0.00,0,0
1523100943,s1,0.00,0.00,0.00,0,0,0.00,0.00,0.00,0,0,0.00,0.00,0,0
1523100943,s2,0.00,0.00,0.00,0,0,0.00,0.00,0.00,0,0,0.00,0.00,0,0
1523100943,total,2473086.00,2437220.00,4910306.00,2437220,2473086,1866.00,1959.00,3825.00,1959,1866,0.00,0.00,0,0
1523100944,s3,0.00,0.00,0.00,0,0,0.00,0.00,0.00,0,0,0.00,0.00,0,0
1523100944,s1-eth1,1230796.00,65686.00,1296482.00,65686,1230796,702.00,701.00,1403.00,701,702,0.00,0.00,0,0
1523100944,s1-eth3,44912.00,891610.00,936522.00,891610,44912,480.00,565.00,1045.00,565,480,0.00,0.00,0,0
1523100944,s1-eth2,20868.00,593146.00,614014.00,593146,20868,222.00,321.00,543.00,321,222,0.00,0.00,0,0
1523100944,s2-eth1,891610.00,44912.00,936522.00,44912,891610,565.00,480.00,1045.00,480,565,0.00,0.00,0,0
1523100944,s2-eth3,25462.00,528382.00,553844.00,528382,25462,273.00,327.00,600.00,327,273,0.00,0.00,0,0
1523100944,s2-eth2,19356.00,369284.00,388640.00,369284,19356,206.00,242.00,448.00,242,206,0.00,0.00,0,0
1523100944,s3-eth1,528382.00,25462.00,553844.00,25462,528382,327.00,273.00,600.00,273,327,0.00,0.00,0,0
1523100944,s3-eth2,25462.00,529896.00,555358.00,529896,25462,273.00,328.00,601.00,328,273,0.00,0.00,0,0
1523100944,eth0,134.00,66.00,200.00,66,134,1.00,1.00,2.00,1,1,0.00,0.00,0,0
1523100944,eth1,0.00,0.00,0.00,0,0,0.00,0.00,0.00,0,0,0.00,0.00,0,0
1523100944,lo,0.00,0.00,0.00,0,0,0.00,0.00,0.00,0,0,0.00,0.00,0,0
1523100944,s1,0.00,0.00,0.00,0,0,0.00,0.00,0.00,0,0,0.00,0.00,0,0
1523100944,s2,0.00,0.00,0.00,0,0,0.00,0.00,0.00,0,0,0.00,0.00,0,0
1523100944,total,2786982.00,3048444.00,5835426.00,3048444,2786982,3049.00,3238.00,6287.00,3238,3049,0.00,0.00,0,0
1523100945,s3,0.00,0.00,0.00,0,0,0.00,0.00,0.00,0,0,0.00,0.00,0,0
1523100945,s1-eth1,1247132.00,66474.00,1313606.00,66474,1247132,774.00,749.00,1523.00,749,774,0.00,0.00,0,0
1523100945,s1-eth3,43054.00,772326.00,815380.00,772326,43054,493.00,447.00,940.00,447,493,0.00,0.00,0,0
1523100945,s1-eth2,23514.00,504352.00,527866.00,504352,23514,257.00,292.00,549.00,292,257,0.00,0.00,0,0
1523100945,s2-eth1,772326.00,43054.00,815380.00,43054,772326,447.00,493.00,940.00,493,447,0.00,0.00,0,0
1523100945,s2-eth3,25300.00,449914.00,475214.00,449914,25300,294.00,257.00,551.00,257,294,0.00,0.00,0,0
1523100945,s2-eth2,17782.00,319318.00,337100.00,319318,17782,199.00,187.00,386.00,187,199,0.00,0.00,0,0
1523100945,s3-eth1,449914.00,25300.00,475214.00,25300,449914,257.00,294.00,551.00,294,257,0.00,0.00,0,0
1523100945,s3-eth2,25300.00,448400.00,473700.00,448400,25300,294.00,256.00,550.00,256,294,0.00,0.00,0,0
1523100945,eth0,134.00,66.00,200.00,66,134,1.00,1.00,2.00,1,1,0.00,0.00,0,0
1523100945,eth1,0.00,0.00,0.00,0,0,0.00,0.00,0.00,0,0,0.00,0.00,0,0
1523100945,lo,0.00,0.00,0.00,0,0,0.00,0.00,0.00,0,0,0.00,0.00,0,0
1523100945,s1,0.00,0.00,0.00,0,0,0.00,0.00,0.00,0,0,0.00,0.00,0,0
1523100945,s2,0.00,0.00,0.00,0,0,0.00,0.00,0.00,0,0,0.00,0.00,0,0
1523100945,total,2604456.00,2629204.00,5233660.00,2629204,2604456,3016.00,2976.00,5992.00,2976,3016,0.00,0.00,0,0
1523100946,s3,0.00,0.00,0.00,0,0,0.00,0.00,0.00,0,0,0.00,0.00,0,0
1523100946,s1-eth1,1226404.00,27258.00,1253662.00,27258,1226404,438.00,413.00,851.00,413,438,0.00,0.00,0,0
1523100946,s1-eth3,17028.00,796778.00,813806.00,796778,17028,258.00,269.00,527.00,269,258,0.00,0.00,0,0
1523100946,s1-eth2,10230.00,470958.00,481188.00,470958,10230,155.00,159.00,314.00,159,155,0.00,0.00,0,0
1523100946,s2-eth1,796778.00,17028.00,813806.00,17028,796778,269.00,258.00,527.00,258,269,0.00,0.00,0,0
1523100946,s2-eth3,9702.00,450224.00,459926.00,450224,9702,147.00,152.00,299.00,152,147,0.00,0.00,0,0
1523100946,s2-eth2,7392.00,343592.00,350984.00,343592,7392,112.00,116.00,228.00,116,112,0.00,0.00,0,0
1523100946,s3-eth1,450224.00,9702.00,459926.00,9702,450224,152.00,147.00,299.00,147,152,0.00,0.00,0,0
1523100946,s3-eth2,9702.00,450224.00,459926.00,450224,9702,147.00,152.00,299.00,152,147,0.00,0.00,0,0
1523100946,eth0,134.00,66.00,200.00,66,134,1.00,1.00,2.00,1,1,0.00,0.00,0,0
1523100946,eth1,0.00,0.00,0.00,0,0,0.00,0.00,0.00,0,0,0.00,0.00,0,0
1523100946,lo,0.00,0.00,0.00,0,0,0.00,0.00,0.00,0,0,0.00,0.00,0,0
1523100946,s1,0.00,0.00,0.00,0,0,0.00,0.00,0.00,0,0,0.00,0.00,0,0
1523100946,s2,0.00,0.00,0.00,0,0,0.00,0.00,0.00,0,0,0.00,0.00,0,0
1523100946,total,2527594.00,2565830.00,5093424.00,2565830,2527594,1679.00,1667.00,3346.00,1667,1679,0.00,0.00,0,0
1523100947,s3,0.00,0.00,0.00,0,0,0.00,0.00,0.00,0,0,0.00,0.00,0,0
1523100947,s1-eth1,1223432.00,27384.00,1250816.00,27384,1223432,416.00,416.00,832.00,416,416,0.00,0.00,0,0
1523100947,s1-eth3,17310.00,779090.00,796400.00,779090,17310,263.00,265.00,528.00,265,263,0.00,0.00,0,0
1523100947,s1-eth2,10008.00,459152.00,469160.00,459152,10008,152.00,156.00,308.00,156,152,0.00,0.00,0,0
1523100947,s2-eth1,779090.00,17310.00,796400.00,17310,779090,265.00,263.00,528.00,263,265,0.00,0.00,0,0
1523100947,s2-eth3,10074.00,456190.00,466264.00,456190,10074,153.00,155.00,308.00,155,153,0.00,0.00,0,0
1523100947,s2-eth2,7236.00,325862.00,333098.00,325862,7236,110.00,111.00,221.00,111,110,0.00,0.00,0,0
1523100947,s3-eth1,456190.00,10074.00,466264.00,10074,456190,155.00,153.00,308.00,153,155,0.00,0.00,0,0
1523100947,s3-eth2,10074.00,456190.00,466264.00,456190,10074,153.00,155.00,308.00,155,153,0.00,0.00,0,0
1523100947,eth0,134.00,66.00,200.00,66,134,1.00,1.00,2.00,1,1,0.00,0.00,0,0
1523100947,eth1,0.00,0.00,0.00,0,0,0.00,0.00,0.00,0,0,0.00,0.00,0,0
1523100947,lo,3500.00,3500.00,7000.00,3500,3500,35.00,35.00,70.00,35,35,0.00,0.00,0,0
1523100947,s1,0.00,0.00,0.00,0,0,0.00,0.00,0.00,0,0,0.00,0.00,0,0
1523100947,s2,0.00,0.00,0.00,0,0,0.00,0.00,0.00,0,0,0.00,0.00,0,0
1523100947,total,2517048.00,2534818.00,5051866.00,2534818,2517048,1703.00,1710.00,3413.00,1710,1703,0.00,0.00,0,0
1523100948,s3,0.00,0.00,0.00,0,0,0.00,0.00,0.00,0,0,0.00,0.00,0,0
1523100948,s1-eth1,1199610.00,26730.00,1226340.00,26730,1199610,405.00,405.00,810.00,405,405,0.00,0.00,0,0
1523100948,s1-eth3,16302.00,734576.00,750878.00,734576,16302,247.00,248.00,495.00,248,247,0.00,0.00,0,0
1523100948,s1-eth2,10494.00,467996.00,478490.00,467996,10494,159.00,158.00,317.00,158,159,0.00,0.00,0,0
1523100948,s2-eth1,734576.00,16302.00,750878.00,16302,734576,248.00,247.00,495.00,247,248,0.00,0.00,0,0
1523100948,s2-eth3,9372.00,420604.00,429976.00,420604,9372,142.00,142.00,284.00,142,142,0.00,0.00,0,0
1523100948,s2-eth2,6930.00,311010.00,317940.00,311010,6930,105.00,105.00,210.00,105,105,0.00,0.00,0,0
1523100948,s3-eth1,420604.00,9372.00,429976.00,9372,420604,142.00,142.00,284.00,142,142,0.00,0.00,0,0
1523100948,s3-eth2,9372.00,420604.00,429976.00,420604,9372,142.00,142.00,284.00,142,142,0.00,0.00,0,0
1523100948,eth0,134.00,66.00,200.00,66,134,1.00,1.00,2.00,1,1,0.00,0.00,0,0
1523100948,eth1,0.00,0.00,0.00,0,0,0.00,0.00,0.00,0,0,0.00,0.00,0,0
1523100948,lo,0.00,0.00,0.00,0,0,0.00,0.00,0.00,0,0,0.00,0.00,0,0
1523100948,s1,0.00,0.00,0.00,0,0,0.00,0.00,0.00,0,0,0.00,0.00,0,0
1523100948,s2,0.00,0.00,0.00,0,0,0.00,0.00,0.00,0,0,0.00,0.00,0,0
1523100948,total,2407394.00,2407260.00,4814654.00,2407260,2407394,1591.00,1590.00,3181.00,1590,1591,0.00,0.00,0,0
1523100949,s3,0.00,0.00,0.00,0,0,0.00,0.00,0.00,0,0,0.00,0.00,0,0
1523100949,s1-eth1,1205534.00,26862.00,1232396.00,26862,1205534,407.00,407.00,814.00,407,407,0.00,0.00,0,0
1523100949,s1-eth3,15774.00,701994.00,717768.00,701994,15774,239.00,237.00,476.00,237,239,0.00,0.00,0,0
1523100949,s1-eth2,11088.00,497616.00,508704.00,497616,11088,168.00,168.00,336.00,168,168,0.00,0.00,0,0
1523100949,s2-eth1,701994.00,15774.00,717768.00,15774,701994,237.00,239.00,476.00,239,237,0.00,0.00,0,0
1523100949,s2-eth3,9372.00,420604.00,429976.00,420604,9372,142.00,142.00,284.00,142,142,0.00,0.00,0,0
1523100949,s2-eth2,6402.00,287314.00,293716.00,287314,6402,97.00,97.00,194.00,97,97,0.00,0.00,0,0
1523100949,s3-eth1,420604.00,9372.00,429976.00,9372,420604,142.00,142.00,284.00,142,142,0.00,0.00,0,0
1523100949,s3-eth2,9372.00,420604.00,429976.00,420604,9372,142.00,142.00,284.00,142,142,0.00,0.00,0,0
1523100949,eth0,134.00,66.00,200.00,66,134,1.00,1.00,2.00,1,1,0.00,0.00,0,0
1523100949,eth1,0.00,0.00,0.00,0,0,0.00,0.00,0.00,0,0,0.00,0.00,0,0
1523100949,lo,0.00,0.00,0.00,0,0,0.00,0.00,0.00,0,0,0.00,0.00,0,0
1523100949,s1,0.00,0.00,0.00,0,0,0.00,0.00,0.00,0,0,0.00,0.00,0,0
1523100949,s2,0.00,0.00,0.00,0,0,0.00,0.00,0.00,0,0,0.00,0.00,0,0
1523100949,total,2380274.00,2380206.00,4760480.00,2380206,2380274,1575.00,1575.00,3150.00,1575,1575,0.00,0.00,0,0
1523100950,s3,0.00,0.00,0.00,0,0,0.00,0.00,0.00,0,0,0.00,0.00,0,0
1523100950,s1-eth1,1220344.00,27192.00,1247536.00,27192,1220344,412.00,412.00,824.00,412,412,0.00,0.00,0,0
1523100950,s1-eth3,17160.00,784930.00,802090.00,784930,17160,260.00,265.00,525.00,265,260,0.00,0.00,0,0
1523100950,s1-eth2,10032.00,453186.00,463218.00,453186,10032,152.00,153.00,305.00,153,152,0.00,0.00,0,0
1523100950,s2-eth1,784930.00,17160.00,802090.00,17160,784930,265.00,260.00,525.00,260,265,0.00,0.00,0,0
1523100950,s2-eth3,9636.00,435414.00,445050.00,435414,9636,146.00,147.00,293.00,147,146,0.00,0.00,0,0
1523100950,s2-eth2,7524.00,343592.00,351116.00,343592,7524,114.00,116.00,230.00,116,114,0.00,0.00,0,0
1523100950,s3-eth1,435414.00,9636.00,445050.00,9636,435414,147.00,146.00,293.00,146,147,0.00,0.00,0,0
1523100950,s3-eth2,9636.00,435414.00,445050.00,435414,9636,146.00,147.00,293.00,147,146,0.00,0.00,0,0
1523100950,eth0,134.00,66.00,200.00,66,134,1.00,1.00,2.00,1,1,0.00,0.00,0,0
1523100950,eth1,0.00,0.00,0.00,0,0,0.00,0.00,0.00,0,0,0.00,0.00,0,0
1523100950,lo,0.00,0.00,0.00,0,0,0.00,0.00,0.00,0,0,0.00,0.00,0,0
1523100950,s1,0.00,0.00,0.00,0,0,0.00,0.00,0.00,0,0,0.00,0.00,0,0
1523100950,s2,0.00,0.00,0.00,0,0,0.00,0.00,0.00,0,0,0.00,0.00,0,0
1523100950,total,2494810.00,2506590.00,5001400.00,2506590,2494810,1643.00,1647.00,3290.00,1647,1643,0.00,0.00,0,0
1523100951,s3,0.00,0.00,0.00,0,0,0.00,0.00,0.00,0,0,0.00,0.00,0,0
1523100951,s1-eth1,1223306.00,27258.00,1250564.00,27258,1223306,413.00,413.00,826.00,413,413,0.00,0.00,0,0
1523100951,s1-eth3,17094.00,779006.00,796100.00,779006,17094,259.00,263.00,522.00,263,259,0.00,0.00,0,0
1523100951,s1-eth2,10164.00,465034.00,475198.00,465034,10164,154.00,157.00,311.00,157,154,0.00,0.00,0,0
1523100951,s2-eth1,779006.00,17094.00,796100.00,17094,779006,263.00,259.00,522.00,259,263,0.00,0.00,0,0
1523100951,s2-eth3,9834.00,444300.00,454134.00,444300,9834,149.00,150.00,299.00,150,149,0.00,0.00,0,0
1523100951,s2-eth2,7194.00,334706.00,341900.00,334706,7194,109.00,113.00,222.00,113,109,0.00,0.00,0,0
1523100951,s3-eth1,444300.00,9834.00,454134.00,9834,444300,150.00,149.00,299.00,149,150,0.00,0.00,0,0
1523100951,s3-eth2,9834.00,444300.00,454134.00,444300,9834,149.00,150.00,299.00,150,149,0.00,0.00,0,0
1523100951,eth0,134.00,66.00,200.00,66,134,1.00,1.00,2.00,1,1,0.00,0.00,0,0
1523100951,eth1,0.00,0.00,0.00,0,0,0.00,0.00,0.00,0,0,0.00,0.00,0,0
1523100951,lo,0.00,0.00,0.00,0,0,0.00,0.00,0.00,0,0,0.00,0.00,0,0
1523100951,s1,0.00,0.00,0.00,0,0,0.00,0.00,0.00,0,0,0.00,0.00,0,0
1523100951,s2,0.00,0.00,0.00,0,0,0.00,0.00,0.00,0,0,0.00,0.00,0,0
1523100951,total,2500866.00,2521598.00,5022464.00,2521598,2500866,1647.00,1655.00,3302.00,1655,1647,0.00,0.00,0,0
1523100952,s3,0.00,0.00,0.00,0,0,0.00,0.00,0.00,0,0,0.00,0.00,0,0
1523100952,s1-eth1,1190724.00,26532.00,1217256.00,26532,1190724,402.00,402.00,804.00,402,402,0.00,0.00,0,0
1523100952,s1-eth3,16500.00,781968.00,798468.00,781968,16500,250.00,264.00,514.00,264,250,0.00,0.00,0,0
1523100952,s1-eth2,10032.00,462072.00,472104.00,462072,10032,152.00,156.00,308.00,156,152,0.00,0.00,0,0
1523100952,s2-eth1,781968.00,16500.00,798468.00,16500,781968,264.00,250.00,514.00,250,264,0.00,0.00,0,0
1523100952,s2-eth3,9108.00,429490.00,438598.00,429490,9108,138.00,145.00,283.00,145,138,0.00,0.00,0,0
1523100952,s2-eth2,7392.00,352478.00,359870.00,352478,7392,112.00,119.00,231.00,119,112,0.00,0.00,0,0
1523100952,s3-eth1,429490.00,9108.00,438598.00,9108,429490,145.00,138.00,283.00,138,145,0.00,0.00,0,0
1523100952,s3-eth2,9108.00,429490.00,438598.00,429490,9108,138.00,145.00,283.00,145,138,0.00,0.00,0,0
1523100952,eth0,134.00,66.00,200.00,66,134,1.00,1.00,2.00,1,1,0.00,0.00,0,0
1523100952,eth1,0.00,0.00,0.00,0,0,0.00,0.00,0.00,0,0,0.00,0.00,0,0
1523100952,lo,516.00,516.00,1032.00,516,516,9.00,9.00,18.00,9,9,0.00,0.00,0,0
1523100952,s1,0.00,0.00,0.00,0,0,0.00,0.00,0.00,0,0,0.00,0.00,0,0
1523100952,s2,0.00,0.00,0.00,0,0,0.00,0.00,0.00,0,0,0.00,0.00,0,0
1523100952,total,2454972.00,2508220.00,4963192.00,2508220,2454972,1611.00,1629.00,3240.00,1629,1611,0.00,0.00,0,0
1523100953,s3,0.00,0.00,0.00,0,0,0.00,0.00,0.00,0,0,0.00,0.00,0,0
1523100953,s1-eth1,1223306.00,27258.00,1250564.00,27258,1223306,413.00,413.00,826.00,413,413,0.00,0.00,0,0
1523100953,s1-eth3,16962.00,817512.00,834474.00,817512,16962,257.00,276.00,533.00,276,257,0.00,0.00,0,0
1523100953,s1-eth2,10296.00,488730.00,499026.00,488730,10296,156.00,165.00,321.00,165,156,0.00,0.00,0,0
1523100953,s2-eth1,817512.00,16962.00,834474.00,16962,817512,276.00,257.00,533.00,257,276,0.00,0.00,0,0
1523100953,s2-eth3,9438.00,450224.00,459662.00,450224,9438,143.00,152.00,295.00,152,143,0.00,0.00,0,0
1523100953,s2-eth2,7524.00,367288.00,374812.00,367288,7524,114.00,124.00,238.00,124,114,0.00,0.00,0,0
1523100953,s3-eth1,450224.00,9438.00,459662.00,9438,450224,152.00,143.00,295.00,143,152,0.00,0.00,0,0
1523100953,s3-eth2,9438.00,450224.00,459662.00,450224,9438,143.00,152.00,295.00,152,143,0.00,0.00,0,0
1523100953,eth0,134.00,66.00,200.00,66,134,1.00,1.00,2.00,1,1,0.00,0.00,0,0
1523100953,eth1,0.00,0.00,0.00,0,0,0.00,0.00,0.00,0,0,0.00,0.00,0,0
1523100953,lo,0.00,0.00,0.00,0,0,0.00,0.00,0.00,0,0,0.00,0.00,0,0
1523100953,s1,0.00,0.00,0.00,0,0,0.00,0.00,0.00,0,0,0.00,0.00,0,0
1523100953,s2,0.00,0.00,0.00,0,0,0.00,0.00,0.00,0,0,0.00,0.00,0,0
1523100953,total,2544834.00,2627702.00,5172536.00,2627702,2544834,1655.00,1683.00,3338.00,1683,1655,0.00,0.00,0,0
1523100954,s3,0.00,0.00,0.00,0,0,0.00,0.00,0.00,0,0,0.00,0.00,0,0
1523100954,s1-eth1,1223306.00,27258.00,1250564.00,27258,1223306,413.00,413.00,826.00,413,413,0.00,0.00,0,0
1523100954,s1-eth3,18282.00,912296.00,930578.00,912296,18282,277.00,308.00,585.00,308,277,0.00,0.00,0,0
1523100954,s1-eth2,8976.00,435414.00,444390.00,435414,8976,136.00,147.00,283.00,147,136,0.00,0.00,0,0
1523100954,s2-eth1,912296.00,18282.00,930578.00,18282,912296,308.00,277.00,585.00,277,308,0.00,0.00,0,0
1523100954,s2-eth3,9570.00,473920.00,483490.00,473920,9570,145.00,160.00,305.00,160,145,0.00,0.00,0,0
1523100954,s2-eth2,8778.00,444300.00,453078.00,444300,8778,133.00,150.00,283.00,150,133,0.00,0.00,0,0
1523100954,s3-eth1,473920.00,9570.00,483490.00,9570,473920,160.00,145.00,305.00,145,160,0.00,0.00,0,0
1523100954,s3-eth2,9570.00,473920.00,483490.00,473920,9570,145.00,160.00,305.00,160,145,0.00,0.00,0,0
1523100954,eth0,134.00,66.00,200.00,66,134,1.00,1.00,2.00,1,1,0.00,0.00,0,0
1523100954,eth1,0.00,0.00,0.00,0,0,0.00,0.00,0.00,0,0,0.00,0.00,0,0
1523100954,lo,0.00,0.00,0.00,0,0,0.00,0.00,0.00,0,0,0.00,0.00,0,0
1523100954,s1,0.00,0.00,0.00,0,0,0.00,0.00,0.00,0,0,0.00,0.00,0,0
1523100954,s2,0.00,0.00,0.00,0,0,0.00,0.00,0.00,0,0,0.00,0.00,0,0
1523100954,total,2664832.00,2795026.00,5459858.00,2795026,2664832,1718.00,1761.00,3479.00,1761,1718,0.00,0.00,0,0
1523100955,s3,0.00,0.00,0.00,0,0,0.00,0.00,0.00,0,0,0.00,0.00,0,0
1523100955,s1-eth1,1230500.00,46552.00,1277052.00,46552,1230500,522.00,522.00,1044.00,522,522,0.00,0.00,0,0
1523100955,s1-eth3,30782.00,836958.00,867740.00,836958,30782,351.00,439.00,790.00,439,351,0.00,0.00,0,0
1523100955,s1-eth2,15676.00,429378.00,445054.00,429378,15676,170.00,253.00,423.00,253,170,0.00,0.00,0,0
1523100955,s2-eth1,836958.00,30782.00,867740.00,30782,836958,439.00,351.00,790.00,351,439,0.00,0.00,0,0
1523100955,s2-eth3,16604.00,429502.00,446106.00